thisisthetitleforthefirstexample
   3 107 171 15 277 1 3 1
     1     0.00000000e+00     0.00000000e+00
     2     1.00000000e-01     0.00000000e+00
     3     1.00000000e-01     5.00000000e-02
     4     0.00000000e+00     5.00000000e-02
     5     0.00000000e+00     1.00000000e-02
     6     9.31250000e-03     1.37500000e-02
     7     1.72500000e-02     1.75000000e-02
     8     2.38125000e-02     2.12500000e-02
     9     2.90000000e-02     2.50000000e-02
    10     0.00000000e+00     4.00000000e-02
    11     9.31250000e-03     3.62500000e-02
    12     1.72500000e-02     3.25000000e-02
    13     2.38125000e-02     2.87500000e-02
    14     3.73200000e-02     1.86000000e-02
    15     4.54800000e-02     1.54000000e-02
    16     5.34800000e-02     1.54000000e-02
    17     6.13200000e-02     1.86000000e-02
    18     6.90000000e-02     2.50000000e-02
    19     3.93750000e-02     2.40625000e-02
    20     4.95000000e-02     2.37500000e-02
    21     5.93750000e-02     2.40625000e-02
    22     3.73200000e-02     3.22000000e-02
    23     4.54800000e-02     3.58000000e-02
    24     5.34800000e-02     3.58000000e-02
    25     6.13200000e-02     3.22000000e-02
    26     7.95555600e-02     2.27777800e-02
    27     8.98888900e-02     2.27777800e-02
    28     1.00000000e-01     2.50000000e-02
    29     5.00000000e-02     0.00000000e+00
    30     5.00000000e-02     5.00000000e-02
    31     0.00000000e+00     2.43750000e-02
    32     7.50000000e-02     0.00000000e+00
    33     2.50000000e-02     0.00000000e+00
    34     7.50000000e-02     5.00000000e-02
    35     2.50000000e-02     5.00000000e-02
    36     6.25000000e-02     0.00000000e+00
    37     6.25000000e-02     5.00000000e-02
    38     3.75000000e-02     0.00000000e+00
    39     8.47222250e-02     3.76346964e-02
    40     2.54964373e-02     1.06859222e-02
    41     3.75000000e-02     5.00000000e-02
    42     2.54964373e-02     3.93140778e-02
    43     8.75000000e-02     0.00000000e+00
    44     1.00000000e-01     9.37500000e-03
    45     8.47222250e-02     1.18054888e-02
    46     7.26362369e-02     3.65746526e-02
    47     9.54916654e-03     2.64754233e-02
    48     6.05773647e-02     9.21545647e-03
    49     7.21952451e-02     1.30177441e-02
    50     3.83840889e-02     9.30942667e-03
    51     6.06971243e-02     4.11804041e-02
    52     4.94800000e-02     8.21070130e-03
    53     3.82714905e-02     4.10912883e-02
    54     1.25000000e-02     0.00000000e+00
    55     1.25000000e-02     5.00000000e-02
    56     4.94800000e-02     4.23461408e-02
    57     1.00000000e-01     3.75000000e-02
    58     8.75000000e-02     5.00000000e-02
    59     6.87500000e-02     5.00000000e-02
    60     3.12500000e-02     5.00000000e-02
    61     4.37500000e-02     0.00000000e+00
    62     9.33266201e-02     3.12500000e-02
    63     6.87500000e-02     0.00000000e+00
    64     3.12500000e-02     0.00000000e+00
    65     9.21875000e-02     0.00000000e+00
    66     8.98437500e-02     6.78101615e-03
    67     1.00000000e-01     1.71875000e-02
    68     9.23681183e-02     1.44766073e-02
    69     0.00000000e+00     3.21875000e-02
    70     8.47222250e-02     2.93078544e-02
    71     7.69838545e-02     3.01215386e-02
    72     7.81250000e-03     0.00000000e+00
    73     1.01562500e-02     6.70113636e-03
    74     1.87500000e-02     0.00000000e+00
    75     7.81250000e-03     5.00000000e-02
    76     1.01562500e-02     4.32988636e-02
    77     1.87500000e-02     5.00000000e-02
    78     0.00000000e+00     1.78125000e-02
    79     4.44375000e-02     2.39062500e-02
    80     5.42809517e-02     2.88531753e-02
    81     2.99557134e-02     1.68129912e-02
    82     2.98700795e-02     3.32006590e-02
    83     8.47222250e-02     2.27777800e-02
    84     8.12500000e-02     0.00000000e+00
    85     6.61502453e-02     2.76716450e-02
    86     6.51121490e-02     2.46213132e-02
    87     6.59991356e-02     2.24992797e-02
    88     7.12951931e-02     1.91948895e-02
    89     6.22435745e-02     2.43419066e-02
    90     6.36595678e-02     2.05496398e-02
    91     6.63270696e-02     1.49700771e-02
    92     7.12578193e-02     3.02640323e-02
    93     7.82047000e-02     4.25149932e-02
    94     1.11764086e-02     2.00802476e-02
    95     1.69104452e-02     2.50000000e-02
    96     5.62500000e-02     0.00000000e+00
    97     5.62500000e-02     5.00000000e-02
    98     4.37500000e-02     5.00000000e-02
    99     9.24037526e-02     4.24037526e-02
   100     6.80755471e-02     4.25296176e-02
   101     3.14983778e-02     4.29743765e-02
   102     6.76498146e-02     7.25594969e-03
   103     3.16304197e-02     7.09671808e-03
   104     1.76075678e-02     9.53574819e-03
   105     1.76075678e-02     4.04642518e-02
   106     7.87778246e-02     1.57089648e-02
   107     7.79788664e-02     7.45283865e-03
3
4
30
34
35
37
41
55
58
59
60
75
77
97
98
       3      2.000000e+01
       4      2.000000e+01
      30      2.000000e+01
      34      2.000000e+01
      35      2.000000e+01
      37      2.000000e+01
      41      2.000000e+01
      55      2.000000e+01
      58      2.000000e+01
      59      2.000000e+01
      60      2.000000e+01
      75      2.000000e+01
      77      2.000000e+01
      97      2.000000e+01
      98      2.000000e+01
       0      0.000000e+00
  6.000000e-01   6.000000e-01   0.000000e+00
     1   1     55    105     77
     2   1     76     10     11
     3   1      7     94      6
     4   1     15     52     16
     5   1      5      1     72
     6   1     33     64    103
     7   1      9     14     19
     8   1      9      8     81
     9   1     15     79     14
    10   1     11     47     12
    11   1     14     50     15
    12   1     13     95      8
    13   1     76     55     75
    14   1     78      6     94
    15   1     76    105     55
    16   1     31     47     69
    17   1      9     22     82
    18   1     12     95     13
    19   1     56     98     53
    20   1     53     22     23
    21   1      9     19     22
    22   1     11     69     47
    23   1     13      8      9
    24   1     10     75      4
    25   1     22     19     79
    26   1     25     51     24
    27   1     15     16     20
    28   1     40      8      7
    29   1     21     20     16
    30   1     23     79     20
    31   1     83     26    106
    32   1     18     92     85
    33   1     87     90     91
    34   1     87     88     18
    35   1     68     44     67
    36   1     21     16     17
    37   1    107     66     45
    38   1     92     18     71
    39   1     14     79     19
    40   1     80     20     21
    41   1     80     25     24
    42   1     35     77    105
    43   1     83     70     26
    44   1     18     86     87
    45   1    100     93     34
    46   1     71     26     70
    47   1      6     73    104
    48   1     18     85     86
    49   1     57     62     28
    50   1     56     23     24
    51   1     71     18     26
    52   1     20     79     15
    53   1     12     13     42
    54   1     52     96     48
    55   1     16     48     17
    56   1     28     62     27
    57   1     56     53     23
    58   1     99     62     57
    59   1     61     50     38
    60   1     38    103     64
    61   1     81      8     40
    62   1     13     82     42
    63   1    101     35     42
    64   1     53    101     82
    65   1     84     66    107
    66   1     49     88     91
    67   1     68     27     83
    68   1     65      2     44
    69   1     39     93     46
    70   1     37    100     59
    71   1     20     80     23
    72   1     95     12     47
    73   1     48     16     52
    74   1    102     36     63
    75   1    102     49     91
    76   1     27     70     83
    77   1     50     14     81
    78   1     50     61     52
    79   1     25     46    100
    80   1     97     30     56
    81   1     50     52     15
    82   1     51     97     56
    83   1     56     30     98
    84   1     41     60    101
    85   1     74    104     54
    86   1     40      7    104
    87   1     56     24     51
    88   1     41     53     98
    89   1     58     34     93
    90   1     99     58     39
    91   1      3     58     99
    92   1     51    100     37
    93   1     41    101     53
    94   1     61     29     52
    95   1     70     62     39
    96   1     65     44     66
    97   1    102     32    107
    98   1     50    103     38
    99   1     65     66     43
   100   1     44     68     66
   101   1     45     66     68
   102   1     67     28     27
   103   1     27     68     67
   104   1     11     10     69
   105   1     62     70     27
   106   1     71     39     46
   107   1     39     71     70
   108   1     21     89     25
   109   1     73     72     54
   110   1      5     72     73
   111   1      5     73      6
   112   1    104     33     40
   113   1     33    104     74
   114   1     10     76     75
   115   1     42    105     12
   116   1     11     12    105
   117   1     94     31     78
   118   1     78      5      6
   119   1     22     79     23
   120   1     25     80     21
   121   1     23     80     24
   122   1     81     40    103
   123   1      9     81     14
   124   1      9     82     13
   125   1     53     82     22
   126   1     83    106     45
   127   1     68     83     45
   128   1     45    106    107
   129   1     43     66     84
   130   1     25     85     92
   131   1     17     90     21
   132   1     25     89     85
   133   1     91     88     87
   134   1     86     85     89
   135   1    106     88     49
   136   1     26     18     88
   137   1     87     86     89
   138   1     87     89     90
   139   1     90     17     91
   140   1     21     90     89
   141   1     17     48     91
   142   1    102     91     48
   143   1     71     46     92
   144   1     25     92     46
   145   1     58     93     39
   146   1    100     34     59
   147   1     95     94      7
   148   1     94     47     31
   149   1     94     95     47
   150   1     95      7      8
   151   1     96     52     29
   152   1     96     36     48
   153   1     51     37     97
   154   1     62     99     39
   155   1      3     99     57
   156   1     25    100     51
   157   1     93    100     46
   158   1     35    101     60
   159   1     82    101     42
   160   1     36    102     48
   161   1     32    102     63
   162   1     81    103     50
   163   1     33    103     40
   164   1      6    104      7
   165   1    104     73     54
   166   1    105     42     35
   167   1     11    105     76
   168   1     88    106     26
   169   1    107    106     49
   170   1    102    107     49
   171   1     84    107     32
     5   2   0.00000000e+00   2.00000000e+03
     6   1   0.00000000e+00   2.00000000e+03
    59   3   0.00000000e+00   2.00000000e+03
    60   3   0.00000000e+00   2.00000000e+03
    68   1   0.00000000e+00   2.00000000e+03
    74   2   0.00000000e+00   2.00000000e+03
    85   3   0.00000000e+00   2.00000000e+03
    94   1   0.00000000e+00   2.00000000e+03
    99   3   0.00000000e+00   2.00000000e+03
   109   2   0.00000000e+00   2.00000000e+03
   113   3   0.00000000e+00   2.00000000e+03
   129   3   0.00000000e+00   2.00000000e+03
   151   3   0.00000000e+00   2.00000000e+03
   152   1   0.00000000e+00   2.00000000e+03
   161   3   0.00000000e+00   2.00000000e+03
   171   3   0.00000000e+00   2.00000000e+03
0.333333 0.333333
