thisisthetitleforthefirstexample
   3 185 318 13 502 1 3 1
     1     0.00000000e+00     0.00000000e+00
     2     1.00000000e-01     0.00000000e+00
     3     1.00000000e-01     1.00000000e-01
     4     0.00000000e+00     1.00000000e-01
     5     0.00000000e+00     5.00000000e-02
     6     9.09090900e-03     5.49586800e-02
     7     1.81818200e-02     5.89256200e-02
     8     2.72727300e-02     6.19008300e-02
     9     3.63636400e-02     6.38843000e-02
    10     4.54545500e-02     6.48760300e-02
    11     5.45454500e-02     6.48760300e-02
    12     6.36363600e-02     6.38843000e-02
    13     7.27272700e-02     6.19008300e-02
    14     8.18181800e-02     5.89256200e-02
    15     9.09090900e-02     5.49586800e-02
    16     1.00000000e-01     5.00000000e-02
    17     1.00000000e-01     8.12500000e-02
    18     5.00000000e-02     1.00000000e-01
    19     0.00000000e+00     8.12500000e-02
    20     1.00000000e-01     6.56250000e-02
    21     0.00000000e+00     6.56250000e-02
    22     5.00000000e-02     0.00000000e+00
    23     7.27587208e-02     2.57642017e-02
    24     3.87761770e-02     3.10017478e-02
    25     3.12500000e-02     1.00000000e-01
    26     6.87500000e-02     1.00000000e-01
    27     0.00000000e+00     2.50000000e-02
    28     5.67832621e-02     4.32266516e-02
    29     2.78460572e-02     8.10981626e-02
    30     6.10856389e-02     8.26653293e-02
    31     2.12044612e-02     3.95985821e-02
    32     8.26423915e-02     7.68205222e-02
    33     1.00000000e-01     2.50000000e-02
    34     4.25263732e-02     4.95550302e-02
    35     7.97057637e-02     4.16845184e-02
    36     3.96186686e-02     7.62091409e-02
    37     6.57440590e-02     5.17195097e-02
    38     1.90155293e-02     7.17546583e-02
    39     7.06177393e-02     7.40572254e-02
    40     2.60513033e-02     5.02564823e-02
    41     0.00000000e+00     3.75000000e-02
    42     5.00000000e-02     7.43857900e-02
    43     4.68986176e-02     8.71928950e-02
    44     2.50000000e-02     0.00000000e+00
    45     1.56250000e-02     1.00000000e-01
    46     1.39460194e-02     8.53904519e-02
    47     7.39083206e-02     8.72827101e-02
    48     8.43750000e-02     1.00000000e-01
    49     5.00000000e-02     5.60669764e-02
    50     1.13246333e-02     3.12500000e-02
    51     1.36506353e-02     1.36506353e-02
    52     2.49958352e-02     2.50915638e-02
    53     3.82238456e-02     1.32691813e-02
    54     1.00000000e-01     3.75000000e-02
    55     9.30691495e-03     4.37500000e-02
    56     9.07028450e-02     4.37678931e-02
    57     8.75197174e-02     3.05043115e-02
    58     7.50000000e-02     0.00000000e+00
    59     8.71759554e-02     1.28240446e-02
    60     2.99559260e-02     7.14279240e-02
    61     6.00266391e-02     7.29577765e-02
    62     5.62534973e-02     1.74100148e-02
    63     8.98935294e-02     6.50314965e-02
    64     1.01064706e-02     6.50314963e-02
    65     3.26852579e-02     4.08085529e-02
    66     7.97514962e-02     6.79872403e-02
    67     3.34604441e-02     5.53655393e-02
    68     7.48363479e-02     5.29687473e-02
    69     7.13317230e-02     4.47636681e-02
    70     7.26073019e-02     3.53061512e-02
    71     6.02260460e-02     3.03374998e-02
    72     9.08313436e-03     7.56519574e-02
    73     1.00000000e-01     7.34375000e-02
    74     9.17528514e-02     7.73437500e-02
    75     1.00000000e-01     9.21875000e-02
    76     8.65601291e-02     8.81821740e-02
    77     9.21875000e-02     1.00000000e-01
    78     1.67772614e-02     4.97442560e-02
    79     6.45811636e-02     3.90384089e-02
    80     4.16417169e-02     5.76644264e-02
    81     7.93343321e-02     3.06407247e-02
    82     8.14379289e-02     2.09325771e-02
    83     7.11391495e-02     1.26437245e-02
    84     6.25000000e-02     0.00000000e+00
    85     9.09704240e-02     2.15937431e-02
    86     4.96168823e-02     3.44080889e-02
    87     4.70534847e-02     2.36126380e-02
    88     4.74744858e-02     1.43128360e-02
    89     5.45718532e-02     8.18594079e-03
    90     3.75000000e-02     0.00000000e+00
    91     4.36924342e-02     6.31653110e-03
    92     6.25651251e-02     1.14940122e-02
    93     6.50640132e-02     2.04848666e-02
    94     9.32954737e-02     8.47459617e-02
    95     4.19727742e-02     3.97820362e-02
    96     4.87274363e-02     4.43015895e-02
    97     3.30110684e-02     4.80903362e-02
    98     7.91519698e-02     1.32303797e-02
    99     8.75000000e-02     0.00000000e+00
   100     1.00000000e-01     1.25000000e-02
   101     8.28231918e-02     6.29794035e-03
   102     7.55738999e-02     7.08657557e-03
   103     6.87500000e-02     0.00000000e+00
   104     3.67808945e-02     8.59944206e-02
   105     4.06250000e-02     1.00000000e-01
   106     2.83585920e-02     9.07632813e-02
   107     2.34375000e-02     1.00000000e-01
   108     1.95312500e-02     9.21498288e-02
   109     2.14103722e-02     8.49099130e-02
   110     3.59375000e-02     9.37562414e-02
   111     3.83035192e-02     2.21415849e-02
   112     3.03550579e-02     1.77764021e-02
   113     3.00754146e-02     8.16584921e-03
   114     2.16756192e-02     1.70383985e-02
   115     1.45484210e-02     2.27226794e-02
   116     1.25000000e-02     0.00000000e+00
   117     2.07570196e-02     8.01565845e-03
   118     0.00000000e+00     1.25000000e-02
   119     6.50359810e-03     1.89383642e-02
   120     3.23776186e-02     2.69003991e-02
   121     2.68883440e-02     3.33351087e-02
   122     1.93151979e-02     3.07347025e-02
   123     0.00000000e+00     5.78125000e-02
   124     1.00000000e-01     5.78125000e-02
   125     5.93750000e-02     1.00000000e-01
   126     6.40625000e-02     9.17108361e-02
   127     5.46875000e-02     9.20858004e-02
   128     5.39112293e-02     8.46756172e-02
   129     4.03591534e-02     6.94213245e-02
   130     6.71646673e-02     5.82306350e-02
   131     5.86228127e-02     5.68276783e-02
   132     5.48436738e-02     5.04138964e-02
   133     2.11695057e-02     6.51730708e-02
   134     6.91978952e-02     6.75496023e-02
   135     2.27272750e-02     6.04132250e-02
   136     4.56550675e-02     8.01126860e-02
   137     7.81250000e-03     1.00000000e-01
   138     0.00000000e+00     9.21875000e-02
   139     1.16147240e-02     9.30039955e-02
   140     6.87303393e-02     8.15489227e-02
   141     7.60211583e-02     8.01697609e-02
   142     7.65625000e-02     1.00000000e-01
   143     0.00000000e+00     3.12500000e-02
   144     3.42927921e-03     5.18705168e-02
   145     1.40070561e-02     3.80958374e-02
   146     9.65707207e-02     5.18705167e-02
   147     8.39228905e-02     4.94901410e-02
   148     1.00000000e-01     3.12500000e-02
   149     8.61276871e-02     3.78521352e-02
   150     9.30047787e-02     3.53492157e-02
   151     3.31220333e-02     7.71839973e-02
   152     2.45972059e-02     7.53240361e-02
   153     2.65889135e-02     4.35809582e-02
   154     6.73681621e-02     3.04508364e-02
   155     1.28535115e-02     7.06557203e-02
   156     1.58709836e-02     7.83458473e-02
   157     7.15817009e-03     8.26965619e-02
   158     0.00000000e+00     7.34375000e-02
   159     8.75073947e-02     7.16883547e-02
   160     8.69325558e-02     8.16974681e-02
   161     9.25694165e-02     9.25694165e-02
   162     6.30662191e-02     4.55712048e-02
   163     7.46084148e-02     1.88756811e-02
   164     5.63972682e-02     3.62191780e-02
   165     5.46617231e-02     2.49732729e-02
   166     4.51173356e-02     2.97744467e-02
   167     5.62500000e-02     0.00000000e+00
   168     1.00000000e-01     1.87500000e-02
   169     9.34339417e-02     6.56605828e-03
   170     6.75624083e-02     6.77199477e-03
   171     4.53125000e-02     9.43560605e-02
   172     3.12500000e-02     0.00000000e+00
   173     3.66658881e-02     6.69983541e-03
   174     1.39662854e-02     6.75021646e-03
   175     1.87500000e-02     0.00000000e+00
   176     3.32651337e-02     3.43737983e-02
   177     5.56478760e-02     7.81272514e-02
   178     7.07423798e-02     9.34033482e-02
   179     7.98830994e-02     9.26713527e-02
   180     6.89965753e-03     2.58830110e-02
   181     0.00000000e+00     4.37500000e-02
   182     1.00000000e-01     4.37500000e-02
   183     6.03922362e-03     8.92974946e-02
   184     9.36528007e-02     1.52273901e-02
   185     0.00000000e+00     6.25000000e-03
3
4
18
25
26
45
48
77
105
107
125
137
142
       3      2.000000e+01
       4      2.000000e+01
      18      2.000000e+01
      25      2.000000e+01
      26      2.000000e+01
      45      2.000000e+01
      48      2.000000e+01
      77      2.000000e+01
     105      2.000000e+01
     107      2.000000e+01
     125      2.000000e+01
     137      2.000000e+01
     142      2.000000e+01
       0      0.000000e+00
  1.000000e+00   1.000000e+00   0.000000e+00
     1   1     17     74     73
     2   1     11     10     49
     3   1    133     60    152
     4   1      7      6     78
     5   1    111     53     88
     6   1     64    123      6
     7   1     36    136    104
     8   1    151     29    152
     9   1    129      9     10
    10   1     78    145     31
    11   1      8    133    135
    12   1    129     42     36
    13   1      7     40    135
    14   1     13     14     66
    15   1    124     63     15
    16   1     49    131     11
    17   1     14     68    147
    18   1     64      6      7
    19   1     49     10     80
    20   1     61     11     12
    21   1     30     61    140
    22   1      2    100    169
    23   1     66     39    134
    24   1     74     17     94
    25   1     10      9     80
    26   1      9     60      8
    27   1     20     63    124
    28   1     12    131    130
    29   1     70     35     69
    30   1     15    146    124
    31   1     13     12    130
    32   1    147     56     15
    33   1      6    123    144
    34   1    165     87     62
    35   1    156    152    109
    36   1     15     63     14
    37   1    153     31    121
    38   1     86    166    165
    39   1     98     59     82
    40   1    106     29    104
    41   1    135    133      7
    42   1     18    171    127
    43   1     29    151    104
    44   1     54     56    150
    45   1      1    116    185
    46   1     96     49     34
    47   1     13    134     12
    48   1     40     67      8
    49   1     57     33    148
    50   1    176     95     65
    51   1    130     68     13
    52   1     54    150    148
    53   1     42     10     11
    54   1     36     42    136
    55   1     35     68     69
    56   1     13     68     14
    57   1    107     45    108
    58   1     64     72    158
    59   1    140    141     47
    60   1     39    140     61
    61   1    120    121     52
    62   1      8     67      9
    63   1     61     42     11
    64   1     27    180    143
    65   1    126     26    125
    66   1    127    128     30
    67   1    105    171     18
    68   1    122     52    121
    69   1    157     46    183
    70   1    157     19     72
    71   1    137    139     45
    72   1    161     75      3
    73   1     76    179     47
    74   1    160     32     74
    75   1    126    178     26
    76   1    132     37    131
    77   1     50     41    143
    78   1    145    122     31
    79   1    115     50    180
    80   1     89     88     91
    81   1     51    114    115
    82   1    112    113     53
    83   1    111    112     53
    84   1     87     88     62
    85   1     41     50    145
    86   1     15     56    146
    87   1     31    153     78
    88   1     56     35    149
    89   1    182    146     56
    90   1     81     35     70
    91   1     85     57     82
    92   1    101     59     98
    93   1     57     81     82
    94   1    169    101     99
    95   1     60      9    129
    96   1     60    151    152
    97   1     61     12    134
    98   1     30    128    177
    99   1     89     92     62
   100   1     23     70    154
   101   1     63     20     73
   102   1     63    159     66
   103   1    133     64      7
   104   1     72     64    155
   105   1     24    166     95
   106   1     97     34     67
   107   1     63     66     14
   108   1     39     66     32
   109   1     97     67     40
   110   1     80     67     34
   111   1     69     68     37
   112   1    147     35     56
   113   1     28     79    162
   114   1     79     70     69
   115   1     37    162     69
   116   1     81     70     23
   117   1    165    164     86
   118   1     71    165     93
   119   1     72    155    156
   120   1    158     21     64
   121   1    160     94     76
   122   1     74    159     73
   123   1    159     74     32
   124   1     48     76    161
   125   1    141     76     47
   126   1    180     27    119
   127   1     55     78      6
   128   1      3     77    161
   129   1     78     55    145
   130   1    164     79     28
   131   1    154     79     71
   132   1     67     80      9
   133   1     49     80     34
   134   1     82     81     23
   135   1     81     57    149
   136   1     82     23    163
   137   1     82     59     85
   138   1     62     92     93
   139   1    101    169     59
   140   1     62     88     89
   141   1    102    103     58
   142   1     57     85     33
   143   1     95     96     34
   144   1     24    111    166
   145   1     87    166    111
   146   1     87    111     88
   147   1    113    173     53
   148   1    173     91     53
   149   1     84     89    167
   150   1    170    102     83
   151   1     90     22     91
   152   1     88     53     91
   153   1     89     91     22
   154   1     92     89     84
   155   1     83    163     93
   156   1     83     93     92
   157   1     93     23    154
   158   1     17     75     94
   159   1    161     94     75
   160   1     86    164     96
   161   1     97     95     34
   162   1     86     96     95
   163   1     96     28    132
   164   1    153     97     40
   165   1     97     65     95
   166   1    163     98     82
   167   1    102     98     83
   168   1    100    184    169
   169   1    184    168     85
   170   1    102    101     98
   171   1     58     99    101
   172   1     92    170     83
   173   1    101    102     58
   174   1    170     84    103
   175   1    104    171    110
   176   1    104    110    106
   177   1    183     19    157
   178   1     25    110    105
   179   1    106    108    109
   180   1    106     25    107
   181   1    109    108     46
   182   1    106    107    108
   183   1    109     46    156
   184   1    106    109     29
   185   1    106    110     25
   186   1    171    104     43
   187   1     24    120    111
   188   1    111    120    112
   189   1     52    114    112
   190   1    113    114    117
   191   1    113    112    114
   192   1    113     44    172
   193   1     52    122    115
   194   1     51    117    114
   195   1     52    115    114
   196   1    115    119     51
   197   1    174    175    117
   198   1    174    117     51
   199   1    113    117     44
   200   1     27    118    119
   201   1     51    118    174
   202   1     51    119    118
   203   1    121    176     65
   204   1    112    120     52
   205   1    176    120     24
   206   1    153    121     65
   207   1     31    122    121
   208   1    115    122     50
   209   1    123     64     21
   210   1    123      5    144
   211   1     30    126    127
   212   1    127    125     18
   213   1    126     30    140
   214   1    127     43    128
   215   1    126    125    127
   216   1    136    128     43
   217   1     61    177     42
   218   1     42    129     10
   219   1    129     36    151
   220   1     12     11    131
   221   1     68    130     37
   222   1    132    131     49
   223   1     37    130    131
   224   1     96    132     49
   225   1    132     28    162
   226   1     60    133      8
   227   1    133     38    155
   228   1     66    134     13
   229   1     61    134     39
   230   1     40      7     78
   231   1     40      8    135
   232   1    136     42    177
   233   1    104    136     43
   234   1    108    139     46
   235   1    137      4    138
   236   1     45    139    108
   237   1    183    137    138
   238   1    141     39     32
   239   1    126    140     47
   240   1     39    141    140
   241   1    141     32    160
   242   1    179     48    142
   243   1     26    178    142
   244   1    144    181     55
   245   1     55      6    144
   246   1     41    145     55
   247   1    122    145     50
   248   1     16    124    146
   249   1     56     54    182
   250   1     14    147     15
   251   1     68     35    147
   252   1     56    149    150
   253   1     81    149     35
   254   1    150    149     57
   255   1    148    150     57
   256   1    137    183    139
   257   1    129    151     60
   258   1    104    151     36
   259   1    109    152     29
   260   1    133    152     38
   261   1     97    153     65
   262   1     78    153     40
   263   1     79    154     70
   264   1     93    154     71
   265   1    133    155     64
   266   1    156    155     38
   267   1    156     38    152
   268   1    157    156     46
   269   1    156    157     72
   270   1     46    139    183
   271   1     72     19    158
   272   1     66    159     32
   273   1     73    159     63
   274   1     94    160     74
   275   1    141    160     76
   276   1     48    161     77
   277   1     94    161     76
   278   1     69    162     79
   279   1    132    162     37
   280   1     93    163     23
   281   1     98    163     83
   282   1     79    164     71
   283   1     96    164     28
   284   1     93    165     62
   285   1    165     71    164
   286   1    165    166     87
   287   1     95    166     86
   288   1     89     22    167
   289   1    184     85     59
   290   1    168     33     85
   291   1      2    169     99
   292   1     84    170     92
   293   1    102    170    103
   294   1    110    171    105
   295   1    127    171     43
   296   1    172    173    113
   297   1    173    172     90
   298   1     91    173     90
   299   1    120    176    121
   300   1    175    174    116
   301   1    175     44    117
   302   1     95    176     24
   303   1     30    177     61
   304   1    136    177    128
   305   1    126     47    178
   306   1    178     47    179
   307   1     48    179     76
   308   1    178    179    142
   309   1    115    180    119
   310   1    143    180     50
   311   1    181    144      5
   312   1    181     41     55
   313   1     16    146    182
   314   1     19    183    138
   315   1    169    184     59
   316   1    168    184    100
   317   1    185    116    174
   318   1    174    118    185
    45   1   0.00000000e+00   2.00000000e+03
   141   2   0.00000000e+00   2.00000000e+03
   149   3   0.00000000e+00   2.00000000e+03
   151   1   0.00000000e+00   2.00000000e+03
   171   1   0.00000000e+00   2.00000000e+03
   174   2   0.00000000e+00   2.00000000e+03
   192   2   0.00000000e+00   2.00000000e+03
   288   2   0.00000000e+00   2.00000000e+03
   291   3   0.00000000e+00   2.00000000e+03
   297   2   0.00000000e+00   2.00000000e+03
   300   3   0.00000000e+00   2.00000000e+03
   301   1   0.00000000e+00   2.00000000e+03
0.333333 0.333333
