thisisthetitleforthefirstexample
   3 131 214 17 344 1 3 1
     1     0.00000000e+00     0.00000000e+00
     2     1.00000000e-01     0.00000000e+00
     3     1.00000000e-01     5.00000000e-02
     4     0.00000000e+00     5.00000000e-02
     5     0.00000000e+00     3.00000000e-02
     6     5.91716000e-03     2.32426000e-02
     7     1.13609500e-02     1.86627200e-02
     8     1.63313600e-02     1.62603600e-02
     9     2.08284000e-02     1.60355000e-02
    10     2.48520700e-02     1.79881700e-02
    11     2.84023700e-02     2.21183400e-02
    12     3.15384600e-02     2.79112400e-02
    13     3.46153800e-02     3.22781100e-02
    14     3.76923100e-02     3.47041400e-02
    15     4.07692300e-02     3.51893500e-02
    16     4.38461500e-02     3.37337300e-02
    17     4.69230800e-02     3.03372800e-02
    18     5.00000000e-02     2.50000000e-02
    19     5.30769200e-02     1.96627200e-02
    20     5.61538500e-02     1.62662700e-02
    21     5.92307700e-02     1.48106500e-02
    22     6.23076900e-02     1.52958600e-02
    23     6.53846200e-02     1.77218900e-02
    24     6.84615400e-02     2.20887600e-02
    25     7.15976300e-02     2.78816600e-02
    26     7.51479300e-02     3.20118300e-02
    27     7.91716000e-02     3.39645000e-02
    28     8.36686400e-02     3.37396400e-02
    29     8.86390500e-02     3.13372800e-02
    30     9.40828400e-02     2.67574000e-02
    31     1.00000000e-01     2.00000000e-02
    32     5.00000000e-02     0.00000000e+00
    33     1.00000000e-01     3.56250000e-02
    34     5.00000000e-02     5.00000000e-02
    35     0.00000000e+00     1.43750000e-02
    36     7.50000000e-02     0.00000000e+00
    37     2.50000000e-02     0.00000000e+00
    38     7.50000000e-02     5.00000000e-02
    39     1.00000000e-01     2.78125000e-02
    40     2.50000000e-02     5.00000000e-02
    41     0.00000000e+00     2.21875000e-02
    42     6.25000000e-02     0.00000000e+00
    43     3.75000000e-02     5.00000000e-02
    44     3.75000000e-02     0.00000000e+00
    45     6.25000000e-02     5.00000000e-02
    46     2.27991668e-02     3.73364350e-02
    47     5.40201994e-02     7.77627575e-03
    48     7.72008332e-02     1.26635650e-02
    49     4.59798006e-02     4.22237243e-02
    50     6.19379247e-02     7.64207213e-03
    51     3.80620753e-02     4.23579279e-02
    52     3.57507338e-02     1.22106696e-02
    53     6.42492662e-02     3.77893304e-02
    54     1.25000000e-02     0.00000000e+00
    55     8.75000000e-02     5.00000000e-02
    56     1.90169987e-02     2.48899923e-02
    57     8.09830013e-02     2.51100077e-02
    58     2.67240394e-02     9.00887132e-03
    59     7.32759606e-02     4.09911287e-02
    60     1.81630955e-02     7.81253650e-03
    61     8.18369045e-02     4.21874635e-02
    62     4.00573891e-02     2.97048069e-02
    63     5.99426109e-02     2.02951931e-02
    64     6.80455164e-02     1.11828316e-02
    65     3.19544836e-02     3.88171684e-02
    66     4.95821175e-02     1.34047307e-02
    67     5.04178825e-02     3.65952693e-02
    68     1.05188997e-02     1.05775497e-02
    69     8.94811003e-02     3.94224503e-02
    70     1.12344363e-02     3.38681058e-02
    71     8.87655637e-02     1.61318942e-02
    72     3.74259345e-02     2.10754421e-02
    73     6.25740655e-02     2.89245579e-02
    74     1.25000000e-02     5.00000000e-02
    75     8.75000000e-02     0.00000000e+00
    76     0.00000000e+00     4.00000000e-02
    77     1.00000000e-01     1.00000000e-02
    78     4.24306312e-02     1.55390207e-02
    79     4.36565695e-02     6.59825174e-03
    80     4.40316922e-02     2.20165442e-02
    81     5.75693688e-02     3.44609793e-02
    82     5.63434305e-02     4.34017483e-02
    83     5.59683078e-02     2.79834558e-02
    84     7.81250000e-03     5.00000000e-02
    85     1.01562500e-02     4.20682801e-02
    86     1.87500000e-02     5.00000000e-02
    87     1.60943508e-02     3.86780725e-02
    88     1.80116538e-02     3.18806859e-02
    89     2.45880865e-02     2.92588180e-02
    90     9.21875000e-02     0.00000000e+00
    91     8.98437500e-02     7.93171988e-03
    92     8.12500000e-02     0.00000000e+00
    93     8.39056492e-02     1.13219275e-02
    94     8.19883462e-02     1.81193141e-02
    95     7.54119135e-02     2.07411820e-02
    96     5.62500000e-02     0.00000000e+00
    97     4.37500000e-02     5.00000000e-02
    98     3.12500000e-02     0.00000000e+00
    99     2.99080736e-02     1.43574462e-02
   100     6.87500000e-02     5.00000000e-02
   101     7.00919264e-02     3.56425538e-02
   102     1.87500000e-02     0.00000000e+00
   103     8.12500000e-02     5.00000000e-02
   104     6.87500000e-02     0.00000000e+00
   105     3.12500000e-02     5.00000000e-02
   106     6.21120223e-03     1.51126195e-02
   107     0.00000000e+00     7.18750000e-03
   108     7.81250000e-03     0.00000000e+00
   109     9.37887978e-02     3.48873805e-02
   110     1.00000000e-01     4.28125000e-02
   111     9.21875000e-02     5.00000000e-02
   112     6.40681432e-03     2.96407682e-02
   113     1.22267267e-02     2.59775472e-02
   114     9.35931857e-02     2.03592318e-02
   115     8.77732733e-02     2.40224528e-02
   116     3.74449235e-02     6.22274217e-03
   117     4.37500000e-02     0.00000000e+00
   118     6.25550765e-02     4.37772578e-02
   119     5.62500000e-02     5.00000000e-02
   120     0.00000000e+00     4.60937500e-02
   121     5.83269554e-03     3.73288359e-02
   122     1.00000000e-01     3.90625000e-03
   123     9.41673045e-02     1.26711641e-02
   124     7.34530895e-02     6.79186823e-03
   125     2.65469105e-02     4.32081318e-02
   126     6.17068117e-03     6.05508823e-03
   127     9.38293188e-02     4.39449118e-02
   128     3.16196148e-02     5.82702329e-03
   129     6.83803852e-02     4.41729767e-02
   130     7.98765403e-02     6.29457172e-03
   131     2.01234597e-02     4.37054283e-02
3
4
34
38
40
43
45
55
74
84
86
97
100
103
105
111
119
       3      2.000000e+01
       4      2.000000e+01
      34      2.000000e+01
      38      2.000000e+01
      40      2.000000e+01
      43      2.000000e+01
      45      2.000000e+01
      55      2.000000e+01
      74      2.000000e+01
      84      2.000000e+01
      86      2.000000e+01
      97      2.000000e+01
     100      2.000000e+01
     103      2.000000e+01
     105      2.000000e+01
     111      2.000000e+01
     119      2.000000e+01
       0      0.000000e+00
  6.000000e-01   6.000000e-01   0.000000e+00
     1   1     41    106      6
     2   1    126     54     68
     3   1     56      7      8
     4   1     55     61     69
     5   1      9     10     56
     6   1      9     58     10
     7   1     11     56     10
     8   1     72     11     99
     9   1      9     60     58
    10   1      8      9     56
    11   1      8     60      9
    12   1     88     89     46
    13   1    112    113     70
    14   1     13     65     89
    15   1     14     15     51
    16   1     51     65     14
    17   1     17     16     62
    18   1     39     33    109
    19   1     45    129    100
    20   1     14     13     62
    21   1     65     13     14
    22   1     14     62     15
    23   1     63     73     83
    24   1     16     15     62
    25   1     80     17     62
    26   1      5      6    112
    27   1     10     99     11
    28   1     47     21     20
    29   1     22     63     21
    30   1     64     23     22
    31   1     21     63     20
    32   1     44    128     98
    33   1     22     23     63
    34   1     80     62     72
    35   1     50     64     22
    36   1     22     21     50
    37   1     23     64     95
    38   1    114    115     71
    39   1     47     96     50
    40   1     63     19     20
    41   1     30    114     31
    42   1     83     19     63
    43   1     28     61     27
    44   1     73     25    101
    45   1     61     59     27
    46   1     27     26     57
    47   1     25     57     26
    48   1     26    101     25
    49   1    109     30     39
    50   1     57     28     27
    51   1     59     26     27
    52   1     55     69    127
    53   1     89     11     12
    54   1     29     28     57
    55   1     48     94     95
    56   1    131     85     87
    57   1     41     35    106
    58   1     82     49     67
    59   1     68     60      8
    60   1     49     15     16
    61   1     69     61     28
    62   1     30     31     39
    63   1     49     97     51
    64   1      6      5     41
    65   1     79     47     66
    66   1     48     64    124
    67   1     46     65    125
    68   1     47     20     66
    69   1     49     16     67
    70   1      7     56    113
    71   1     66     20     19
    72   1     96     42     50
    73   1    130     91     93
    74   1     29     57    115
    75   1     67     16     17
    76   1     97     43     51
    77   1     47     50     21
    78   1     50     42    104
    79   1     49     51     15
    80   1     51     43    105
    81   1     79     66     78
    82   1     80     72     78
    83   1     82     67     81
    84   1     83     73     81
    85   1     54     60     68
    86   1     60     37     58
    87   1     61     38     59
    88   1     88     87     70
    89   1     95     25     24
    90   1     94     93     71
    91   1    116    128     44
    92   1     99     10     58
    93   1    118    129     45
    94   1    101     26     59
    95   1     68      8      7
    96   1     60     54    102
    97   1     69     28     29
    98   1     61     55    103
    99   1     13     12     62
   100   1     62     12     72
   101   1     23     24     63
   102   1     63     24     73
   103   1    124    104     36
   104   1     64     48     95
   105   1    125    105     40
   106   1     65     46     89
   107   1     19     18     80
   108   1     79     78     52
   109   1     17     18     83
   110   1     82     81     53
   111   1      7    106     68
   112   1    107    106     35
   113   1     29    109     69
   114   1    110    109     33
   115   1     87     85     70
   116   1     85     76    121
   117   1     93     91     71
   118   1     91     77    123
   119   1     11     72     12
   120   1     72     52     78
   121   1     25     73     24
   122   1     73     53     81
   123   1     85    121     70
   124   1     91    123     71
   125   1    116    117     79
   126   1    112    121      5
   127   1    114    123     31
   128   1     66     19     80
   129   1    116     44    117
   130   1     47     79     32
   131   1     80     78     66
   132   1     80     18     17
   133   1    118    119     82
   134   1     67     17     83
   135   1    118     45    119
   136   1     49     82     34
   137   1     83     81     67
   138   1     83     18     19
   139   1     84      4    120
   140   1     74     84     85
   141   1    131    125     40
   142   1     70    113     88
   143   1     85    131     74
   144   1     46    125    131
   145   1     89     88     56
   146   1     46     87     88
   147   1     11     89     56
   148   1     12     13     89
   149   1     90      2    122
   150   1     75     90     91
   151   1    130    124     36
   152   1     71    115     94
   153   1     91    130     75
   154   1     48    124    130
   155   1     95     94     57
   156   1     48     93     94
   157   1     25     95     57
   158   1     24     23     95
   159   1     47     32     96
   160   1     49     34     97
   161   1     37     98    128
   162   1    128     99     58
   163   1     99     52     72
   164   1     38    100    129
   165   1    129    101     59
   166   1    101     53     73
   167   1     50    104     64
   168   1     37     60    102
   169   1     38     61    103
   170   1     51    105     65
   171   1      6    106      7
   172   1      1    108    126
   173   1    107    126    106
   174   1     30    109     29
   175   1      1    126    107
   176   1      3    111    127
   177   1    110    127    109
   178   1    113    112      6
   179   1      3    127    110
   180   1    112     70    121
   181   1      7    113      6
   182   1    113     56     88
   183   1    115    114     30
   184   1    114     71    123
   185   1     29    115     30
   186   1    115     57     94
   187   1     79     52    116
   188   1     99    128     52
   189   1     82     53    118
   190   1     32     79    117
   191   1    101    129     53
   192   1     85    120     76
   193   1     34     82    119
   194   1     85     84    120
   195   1    121     76      5
   196   1     91    122     77
   197   1     91     90    122
   198   1    123     77     31
   199   1    104    124     64
   200   1    130     36     92
   201   1    105    125     65
   202   1    131     40     86
   203   1     54    126    108
   204   1    106    126     68
   205   1     55    127    111
   206   1    109    127     69
   207   1     52    128    116
   208   1     37    128     58
   209   1     53    129    118
   210   1     38    129     59
   211   1    130     92     75
   212   1     48    130     93
   213   1    131     86     74
   214   1     46    131     87
    32   3   0.00000000e+00   2.00000000e+03
    72   1   0.00000000e+00   2.00000000e+03
    78   2   0.00000000e+00   2.00000000e+03
    96   2   0.00000000e+00   2.00000000e+03
   103   2   0.00000000e+00   2.00000000e+03
   129   2   0.00000000e+00   2.00000000e+03
   149   1   0.00000000e+00   2.00000000e+03
   150   1   0.00000000e+00   2.00000000e+03
   159   2   0.00000000e+00   2.00000000e+03
   161   1   0.00000000e+00   2.00000000e+03
   168   3   0.00000000e+00   2.00000000e+03
   172   1   0.00000000e+00   2.00000000e+03
   190   3   0.00000000e+00   2.00000000e+03
   200   2   0.00000000e+00   2.00000000e+03
   203   3   0.00000000e+00   2.00000000e+03
   211   2   0.00000000e+00   2.00000000e+03
0.333333 0.333333
