thisisthetitleforthefirstexample
   3 834 1551 35 2384 1 3 1
     1     0.00000000e+00     0.00000000e+00
     2     1.00000000e-01     0.00000000e+00
     3     1.00000000e-01     5.00000000e-02
     4     0.00000000e+00     5.00000000e-02
     5     0.00000000e+00     1.25000000e-02
     6     3.26388900e-03     1.33506900e-02
     7     6.38888900e-03     1.42361100e-02
     8     9.37500000e-03     1.51562500e-02
     9     1.22222200e-02     1.61111100e-02
    10     1.49305600e-02     1.71006900e-02
    11     1.75000000e-02     1.81250000e-02
    12     1.99305600e-02     1.91840300e-02
    13     2.22222200e-02     2.02777800e-02
    14     2.43750000e-02     2.14062500e-02
    15     2.63888900e-02     2.25694400e-02
    16     2.82638900e-02     2.37673600e-02
    17     3.00000000e-02     2.50000000e-02
    18     0.00000000e+00     3.75000000e-02
    19     3.26388900e-03     3.66493100e-02
    20     6.38888900e-03     3.57638900e-02
    21     9.37500000e-03     3.48437500e-02
    22     1.22222200e-02     3.38888900e-02
    23     1.49305600e-02     3.28993100e-02
    24     1.75000000e-02     3.18750000e-02
    25     1.99305600e-02     3.08159700e-02
    26     2.22222200e-02     2.97222200e-02
    27     2.43750000e-02     2.85937500e-02
    28     2.63888900e-02     2.74305600e-02
    29     2.82638900e-02     2.62326400e-02
    30     3.23529400e-02     2.27854700e-02
    31     3.47058800e-02     2.08477500e-02
    32     3.70588200e-02     1.91868500e-02
    33     3.94117600e-02     1.78027700e-02
    34     4.17647100e-02     1.66955000e-02
    35     4.41176500e-02     1.58650500e-02
    36     4.64705900e-02     1.53114200e-02
    37     4.88235300e-02     1.50346000e-02
    38     5.11764700e-02     1.50346000e-02
    39     5.35294100e-02     1.53114200e-02
    40     5.58823500e-02     1.58650500e-02
    41     5.82352900e-02     1.66955000e-02
    42     6.05882400e-02     1.78027700e-02
    43     6.29411800e-02     1.91868500e-02
    44     6.52941200e-02     2.08477500e-02
    45     6.76470600e-02     2.27854700e-02
    46     7.00000000e-02     2.50000000e-02
    47     3.33333300e-02     2.46180600e-02
    48     3.66666700e-02     2.43055600e-02
    49     4.00000000e-02     2.40625000e-02
    50     4.33333300e-02     2.38888900e-02
    51     4.66666700e-02     2.37847200e-02
    52     5.00000000e-02     2.37500000e-02
    53     5.33333300e-02     2.37847200e-02
    54     5.66666700e-02     2.38888900e-02
    55     6.00000000e-02     2.40625000e-02
    56     6.33333300e-02     2.43055600e-02
    57     6.66666700e-02     2.46180600e-02
    58     3.22222200e-02     2.73611100e-02
    59     3.44444400e-02     2.94444400e-02
    60     3.66666700e-02     3.12500000e-02
    61     3.88888900e-02     3.27777800e-02
    62     4.11111100e-02     3.40277800e-02
    63     4.33333300e-02     3.50000000e-02
    64     4.55555600e-02     3.56944400e-02
    65     4.77777800e-02     3.61111100e-02
    66     5.00000000e-02     3.62500000e-02
    67     5.22222200e-02     3.61111100e-02
    68     5.44444400e-02     3.56944400e-02
    69     5.66666700e-02     3.50000000e-02
    70     5.88888900e-02     3.40277800e-02
    71     6.11111100e-02     3.27777800e-02
    72     6.33333300e-02     3.12500000e-02
    73     6.55555600e-02     2.94444400e-02
    74     6.77777800e-02     2.73611100e-02
    75     7.33333300e-02     2.40123500e-02
    76     7.66666700e-02     2.32716000e-02
    77     8.00000000e-02     2.27777800e-02
    78     8.33333300e-02     2.25308600e-02
    79     8.66666700e-02     2.25308600e-02
    80     9.00000000e-02     2.27777800e-02
    81     9.33333300e-02     2.32716000e-02
    82     9.66666700e-02     2.40123500e-02
    83     1.00000000e-01     2.50000000e-02
    84     5.00000000e-02     0.00000000e+00
    85     1.00000000e-01     9.37500000e-03
    86     5.00000000e-02     5.00000000e-02
    87     0.00000000e+00     2.18750000e-02
    88     7.50000000e-02     0.00000000e+00
    89     2.50000000e-02     0.00000000e+00
    90     7.50000000e-02     5.00000000e-02
    91     1.00000000e-01     1.71875000e-02
    92     2.50000000e-02     5.00000000e-02
    93     0.00000000e+00     2.96875000e-02
    94     2.85541561e-02     1.08160201e-02
    95     3.75000000e-02     5.00000000e-02
    96     6.25000000e-02     0.00000000e+00
    97     8.75000000e-02     5.00000000e-02
    98     6.25000000e-02     5.00000000e-02
    99     3.75000000e-02     0.00000000e+00
   100     2.85294601e-02     3.91368674e-02
   101     1.25000000e-02     0.00000000e+00
   102     1.25000000e-02     5.00000000e-02
   103     8.43750000e-02     0.00000000e+00
   104     7.07058489e-02     1.06840248e-02
   105     5.67470903e-02     6.91304525e-03
   106     7.79164122e-02     3.67656919e-02
   107     1.00000000e-01     4.06250000e-02
   108     4.32529097e-02     6.91304525e-03
   109     6.81292918e-02     4.06059733e-02
   110     5.15451417e-02     4.31250000e-02
   111     1.95589743e-02     9.22532386e-03
   112     3.89737901e-02     4.19388823e-02
   113     1.95539893e-02     4.07621715e-02
   114     8.91442450e-02     1.17073300e-02
   115     8.99631463e-02     3.45235963e-02
   116     1.05093329e-02     2.50000000e-02
   117     5.00000000e-02     8.25641525e-03
   118     6.07188471e-02     4.12363378e-02
   119     4.77928609e-02     2.98964775e-02
   120     2.83471463e-02     1.68540412e-02
   121     2.83342866e-02     3.31236942e-02
   122     6.23197283e-02     1.10697096e-02
   123     3.76802717e-02     1.10697096e-02
   124     4.55566420e-02     4.18228711e-02
   125     5.38056126e-02     2.97473488e-02
   126     1.01268079e-02     7.41097199e-03
   127     6.25000000e-03     5.00000000e-02
   128     8.10502918e-02     1.43335058e-02
   129     1.01268079e-02     4.25890280e-02
   130     1.85615873e-02     2.50000000e-02
   131     3.43495019e-02     3.70004641e-02
   132     7.14800958e-02     3.35370989e-02
   133     8.22299965e-02     3.02590898e-02
   134     6.09839069e-03     2.04843097e-02
   135     4.24695145e-02     2.90125365e-02
   136     6.73594099e-02     1.54248101e-02
   137     1.00000000e-01     3.28125000e-02
   138     2.33145542e-02     1.50414318e-02
   139     2.33127391e-02     3.49547651e-02
   140     0.00000000e+00     6.25000000e-03
   141     0.00000000e+00     4.21875000e-02
   142     6.13486355e-03     2.96340549e-02
   143     4.81574539e-02     1.95113031e-02
   144     6.51263636e-02     3.62380885e-02
   145     7.36217784e-02     1.74400429e-02
   146     5.57077153e-02     1.13304125e-02
   147     4.42922847e-02     1.13304125e-02
   148     5.40695155e-02     3.98290622e-02
   149     9.25574535e-02     1.70117865e-02
   150     9.36957859e-02     2.95108770e-02
   151     5.37723027e-02     1.95559595e-02
   152     1.52604676e-02     1.19968186e-02
   153     1.52583258e-02     3.79973195e-02
   154     1.44572766e-02     2.20227250e-02
   155     1.44572766e-02     2.79772750e-02
   156     5.08746323e-02     3.23969457e-02
   157     7.62584760e-02     2.93050577e-02
   158     8.79148921e-02     2.83031462e-02
   159     4.06343769e-02     3.81432503e-02
   160     3.31897249e-02     1.62027505e-02
   161     5.98163057e-02     2.85143868e-02
   162     4.86661526e-02     3.97443209e-02
   163     2.91456832e-02     2.03208186e-02
   164     2.91395497e-02     2.96695812e-02
   165     4.41969363e-02     1.98382486e-02
   166     2.36421734e-02     2.50000000e-02
   167     5.92081406e-02     3.77832898e-02
   168     8.50000000e-02     1.76500765e-02
   169     5.00000000e-02     1.17476059e-02
   170     4.53959964e-02     3.23022252e-02
   171     5.79305272e-02     2.03967670e-02
   172     6.01576440e-03     9.59562028e-03
   173     6.01576440e-03     4.04043797e-02
   174     0.00000000e+00     1.64062500e-02
   175     3.32313310e-02     3.32078063e-02
   176     6.35616220e-02     1.54400544e-02
   177     3.91869555e-02     1.42714144e-02
   178     5.65325110e-02     3.16675571e-02
   179     2.47501033e-02     1.80730040e-02
   180     2.47492982e-02     3.19254601e-02
   181     7.18686812e-02     2.89850629e-02
   182     7.77373650e-02     1.90018379e-02
   183     6.25000000e-03     0.00000000e+00
   184     9.66715924e-03     1.90074617e-02
   185     6.87434858e-02     1.90566718e-02
   186     1.99738676e-02     1.57659540e-02
   187     1.99731837e-02     3.42324762e-02
   188     9.68299452e-03     3.10397562e-02
   189     5.80360614e-02     1.35114264e-02
   190     3.76432228e-02     2.77777800e-02
   191     6.65319900e-02     3.29165088e-02
   192     5.62500000e-02     5.00000000e-02
   193     9.58580748e-02     1.97806789e-02
   194     5.65823936e-02     4.43683705e-02
   195     1.98784510e-02     2.22408650e-02
   196     1.98784510e-02     2.77591350e-02
   197     8.19348020e-02     2.62740713e-02
   198     3.86075054e-03     3.27984771e-02
   199     3.84819746e-03     1.72458277e-02
   200     5.00000000e-02     1.74975470e-02
   201     1.18073543e-02     1.26257867e-02
   202     1.18066306e-02     3.73720553e-02
   203     8.85930629e-02     1.91480876e-02
   204     3.96712183e-02     2.09358922e-02
   205     1.00000000e-01     2.89062500e-02
   206     9.11702538e-02     2.63755105e-02
   207     8.14225935e-02     1.93594442e-02
   208     5.89734014e-02     1.01774445e-02
   209     6.19432098e-02     5.76067499e-03
   210     6.87500000e-02     0.00000000e+00
   211     5.16338338e-02     2.69193507e-02
   212     1.00000000e-01     2.10937500e-02
   213     0.00000000e+00     9.37500000e-03
   214     3.06923032e-03     7.81250000e-03
   215     3.38888804e-03     3.38888804e-03
   216     6.28681105e-03     5.82165237e-03
   217     5.09593782e-02     2.02251829e-02
   218     4.11556678e-02     3.13482615e-02
   219     6.56321607e-02     1.78717447e-02
   220     6.27935463e-02     2.83153426e-02
   221     1.26714551e-02     1.90825783e-02
   222     1.10988816e-02     2.18616991e-02
   223     6.10175121e-03     4.52029498e-02
   224     1.26755944e-02     3.09287502e-02
   225     1.10742994e-02     2.81537032e-02
   226     9.63412568e-03     3.16773603e-03
   227     1.45620171e-02     4.74577910e-03
   228     1.87500000e-02     0.00000000e+00
   229     4.50932351e-02     2.68202395e-02
   230     6.35738271e-02     3.39798591e-02
   231     6.20784860e-02     3.66707091e-02
   232     6.40700750e-02     3.97490657e-02
   233     6.44159895e-02     4.50477541e-02
   234     6.87500000e-02     5.00000000e-02
   235     2.09965934e-02     1.24176051e-02
   236     2.42296745e-02     9.04176108e-03
   237     3.12500000e-02     0.00000000e+00
   238     2.84003242e-02     5.03370471e-03
   239     2.17078499e-02     4.38875599e-03
   240     3.43750000e-02     5.09260192e-03
   241     2.09978028e-02     3.75765583e-02
   242     2.42245242e-02     4.09589992e-02
   243     3.12500000e-02     5.00000000e-02
   244     2.84436519e-02     4.49305864e-02
   245     1.87500000e-02     5.00000000e-02
   246     2.16894451e-02     4.56019259e-02
   247     1.56250000e-02     4.50741234e-02
   248     8.05699809e-03     2.70667774e-02
   249     0.00000000e+00     2.57812500e-02
   250     4.08126292e-03     2.60933180e-02
   251     7.31963012e-03     2.37035558e-02
   252     7.43606554e-02     2.07649544e-02
   253     7.08999346e-03     1.72662821e-02
   254     7.09333022e-03     3.27445467e-02
   255     6.86850864e-02     3.57858627e-02
   256     7.30770507e-02     3.83833225e-02
   257     7.75161899e-02     4.36159912e-02
   258     8.48636191e-02     4.06084169e-02
   259     1.29971059e-02     9.36417566e-03
   260     1.29981047e-02     4.06346312e-02
   261     3.41733675e-02     4.50701874e-02
   262     7.10660649e-02     2.15088956e-02
   263     5.49117814e-02     2.66597139e-02
   264     2.35367291e-03     3.98437500e-02
   265     3.31431603e-03     4.31621542e-02
   266     0.00000000e+00     4.60937500e-02
   267     3.90625000e-03     5.00000000e-02
   268     5.07812500e-03     4.76354000e-02
   269     2.27909113e-03     4.77209089e-02
   270     0.00000000e+00     3.35937500e-02
   271     8.80603137e-02     1.53678302e-02
   272     8.49103544e-02     1.24443434e-02
   273     7.96081005e-02     6.49857463e-03
   274     8.59981737e-02     6.16385836e-03
   275     9.21875000e-02     0.00000000e+00
   276     4.83627295e-02     2.65894053e-02
   277     9.22678893e-02     6.27010031e-03
   278     5.51685545e-02     1.36218577e-02
   279     5.28783308e-02     1.18738315e-02
   280     5.37025309e-02     8.52764454e-03
   281     5.62500000e-02     0.00000000e+00
   282     5.31034219e-02     3.72016123e-03
   283     4.48314455e-02     1.36218577e-02
   284     4.19117358e-02     1.30996917e-02
   285     4.71216692e-02     1.18738315e-02
   286     4.62974691e-02     8.52764454e-03
   287     4.37500000e-02     0.00000000e+00
   288     4.68965781e-02     3.72016123e-03
   289     4.12449954e-02     9.71645557e-03
   290     3.88404800e-02     5.87346637e-03
   291     9.20778398e-02     2.02492225e-02
   292     3.57660803e-02     1.39258711e-02
   293     3.31407317e-02     1.00968463e-02
   294     3.70088260e-02     1.64098177e-02
   295     8.50000000e-02     2.52864192e-02
   296     3.98780352e-02     2.90922102e-02
   297     4.10985461e-02     2.66054724e-02
   298     7.87384698e-02     2.57593871e-02
   299     7.56405552e-02     2.62327152e-02
   300     9.24305452e-02     4.17707578e-02
   301     1.62684380e-02     8.84097505e-03
   302     1.82950754e-02     5.76812243e-03
   303     8.14265034e-02     1.02140567e-02
   304     7.61256998e-02     1.18068604e-02
   305     7.43300250e-02     6.83241730e-03
   306     6.90242484e-02     5.47082941e-03
   307     3.07340376e-02     3.60052325e-02
   308     9.44041048e-02     2.63234750e-02
   309     9.67822727e-02     2.85243663e-02
   310     9.62743516e-02     3.22568248e-02
   311     1.00000000e-01     3.67187500e-02
   312     9.58329216e-02     3.86718750e-02
   313     7.23878048e-02     4.34673530e-02
   314     1.62672773e-02     4.11491879e-02
   315     8.80542155e-02     2.52519150e-02
   316     3.19865426e-02     1.99431327e-02
   317     1.43457430e-02     1.45002901e-02
   318     1.73724896e-02     1.41873624e-02
   319     1.43445795e-02     3.54965256e-02
   320     1.73707978e-02     3.58081289e-02
   321     1.54108808e-02     1.96306478e-02
   322     1.71842836e-02     2.17237330e-02
   323     1.54108808e-02     3.03693522e-02
   324     1.71842836e-02     2.82762670e-02
   325     8.12500000e-02     5.00000000e-02
   326     1.82080888e-02     4.34818017e-02
   327     1.84369574e-02     4.67443999e-02
   328     1.56250000e-02     5.00000000e-02
   329     1.40625000e-02     4.75370617e-02
   330     1.00295520e-02     4.67056379e-02
   331     1.25183359e-02     4.48303386e-02
   332     9.37500000e-03     5.00000000e-02
   333     7.67591654e-03     4.78206428e-02
   334     6.54489142e-02     1.25421314e-02
   335     6.55926867e-02     8.17530778e-03
   336     9.63072000e-02     1.58936282e-02
   337     9.33320693e-02     1.27629911e-02
   338     1.00000000e-01     1.32812500e-02
   339     9.67976989e-02     1.13281250e-02
   340     1.00000000e-01     4.68750000e-03
   341     9.64207517e-02     7.10831656e-03
   342     9.60937500e-02     0.00000000e+00
   343     9.41406250e-02     3.11052438e-03
   344     9.06151851e-02     3.15572422e-03
   345     8.82812500e-02     0.00000000e+00
   346     6.50318403e-02     2.67827837e-02
   347     8.42175718e-02     2.81084154e-02
   348     7.99489089e-02     2.84246212e-02
   349     9.29162917e-02     3.28265236e-02
   350     9.30200582e-02     3.64250725e-02
   351     8.94615252e-02     3.87379915e-02
   352     8.57322054e-02     3.61570564e-02
   353     8.99489073e-02     3.10808378e-02
   354     8.59620462e-02     3.18667212e-02
   355     8.84092597e-02     4.27378292e-02
   356     8.41931272e-02     4.57414318e-02
   357     9.37500000e-02     5.00000000e-02
   358     9.13598587e-02     4.61628289e-02
   359     1.00000000e-01     4.53125000e-02
   360     9.55943967e-02     4.48685724e-02
   361     1.79770745e-02     1.14910199e-02
   362     1.79714184e-02     3.85015175e-02
   363     8.19226425e-02     3.77241260e-02
   364     8.09879175e-02     4.16187550e-02
   365     8.07112793e-02     3.39354058e-02
   366     7.95211974e-02     3.12919175e-02
   367     7.76614224e-02     3.37188044e-02
   368     7.48007303e-02     3.54923253e-02
   369     7.47488583e-02     3.22147448e-02
   370     3.71164758e-02     2.17656436e-02
   371     6.28835242e-02     2.17656436e-02
   372     5.73705808e-02     4.06442119e-02
   373     4.30410103e-03     2.30062489e-02
   374     3.04054458e-03     2.02080003e-02
   375     3.27886042e-02     1.31528204e-02
   376     3.05624662e-02     1.49969399e-02
   377     2.76802328e-02     1.38086173e-02
   378     2.57032600e-02     1.16073813e-02
   379     9.39911174e-02     9.45209124e-03
   380     3.09786561e-02     1.75552150e-02
   381     4.37500000e-02     5.00000000e-02
   382     3.46640997e-02     1.82914466e-02
   383     3.61596396e-03     4.56275733e-02
   384     8.91378024e-02     5.93543389e-03
   385     8.77697577e-02     8.82291259e-03
   386     8.45020394e-02     9.08033413e-03
   387     9.08833277e-02     9.10892434e-03
   388     8.28050533e-02     6.36779884e-03
   389     7.96875000e-02     0.00000000e+00
   390     8.10770494e-02     3.26674986e-03
   391     7.70872390e-02     3.40302687e-03
   392     8.42277146e-02     3.54307230e-03
   393     8.74146419e-02     3.23713400e-03
   394     7.34433056e-02     3.29641019e-03
   395     9.60892471e-02     3.54668003e-02
   396     3.18118841e-02     3.00256516e-02
   397     3.18230830e-02     3.91136839e-02
   398     3.53192674e-02     4.07266638e-02
   399     3.01969222e-02     4.20590584e-02
   400     2.70951955e-02     4.21362472e-02
   401     2.50259048e-02     4.48573489e-02
   402     2.81250000e-02     5.00000000e-02
   403     2.65625000e-02     4.74364799e-02
   404     2.37615496e-02     4.74872054e-02
   405     2.18750000e-02     5.00000000e-02
   406     2.96875000e-02     4.75534936e-02
   407     3.13041222e-02     4.51804654e-02
   408     3.43750000e-02     5.00000000e-02
   409     3.28336275e-02     4.75940134e-02
   410     3.59375000e-02     4.74670630e-02
   411     4.05222374e-02     4.63872635e-02
   412     3.72993059e-02     4.46171052e-02
   413     8.07062038e-02     4.51450727e-02
   414     7.81250000e-02     5.00000000e-02
   415     7.65625000e-02     4.69279737e-02
   416     7.29579122e-02     4.70279753e-02
   417     6.89661540e-02     4.58411615e-02
   418     7.96875000e-02     4.77170955e-02
   419     8.23187604e-02     4.75923357e-02
   420     8.43750000e-02     5.00000000e-02
   421     5.37859888e-02     3.26715626e-02
   422     2.40263478e-02     3.79177462e-02
   423     2.64531147e-02     3.57658562e-02
   424     5.77653374e-02     2.65258631e-02
   425     5.64481283e-02     2.89286800e-02
   426     2.08339013e-02     4.30884262e-02
   427     2.18835641e-02     4.09956657e-02
   428     9.73275635e-02     2.94317627e-03
   429     7.18750000e-02     0.00000000e+00
   430     7.03125000e-02     2.66396173e-03
   431     6.11405323e-02     3.04405299e-02
   432     5.89771346e-02     3.15821064e-02
   433     6.84386325e-02     1.26351252e-02
   434     7.17816664e-02     1.42269704e-02
   435     6.79691570e-02     9.79676072e-03
   436     7.00590472e-02     8.01484973e-03
   437     7.17566236e-02     5.84188199e-03
   438     7.25802545e-02     8.81685889e-03
   439     7.33669655e-02     1.14810398e-02
   440     7.51730734e-02     9.33941660e-03
   441     7.83333296e-02     9.53692646e-03
   442     7.89566601e-02     1.23516330e-02
   443     7.68999567e-02     1.54114221e-02
   444     3.03804814e-02     1.25115495e-02
   445     4.46831381e-02     4.59180233e-02
   446     4.81086195e-02     4.45079490e-02
   447     5.09478041e-02     4.66018833e-02
   448     5.31250000e-02     5.00000000e-02
   449     5.46875000e-02     4.70821530e-02
   450     4.68750000e-02     5.00000000e-02
   451     4.84375000e-02     4.77329476e-02
   452     7.18750000e-02     5.00000000e-02
   453     8.59375000e-02     4.78001018e-02
   454     8.87848858e-02     4.74325570e-02
   455     9.06250000e-02     5.00000000e-02
   456     8.69604222e-02     4.51649845e-02
   457     8.51182422e-02     4.32519750e-02
   458     4.34399414e-02     3.10957844e-02
   459     6.11662340e-02     2.63403545e-02
   460     4.17679636e-02     3.33187399e-03
   461     6.54358915e-02     4.44706132e-03
   462     6.74973666e-02     2.52491948e-03
   463     6.56250000e-02     0.00000000e+00
   464     7.78609664e-02     4.01992935e-02
   465     7.50071994e-02     4.16370664e-02
   466     5.62857567e-02     3.79457193e-02
   467     4.22896396e-02     4.32667493e-02
   468     4.29041115e-02     4.02390956e-02
   469     4.37189819e-02     3.76687248e-02
   470     6.40625000e-02     2.16110718e-03
   471     6.09605362e-02     2.75845061e-03
   472     5.93750000e-02     0.00000000e+00
   473     5.90582137e-02     5.04304379e-03
   474     5.61950101e-02     3.86758026e-03
   475     5.99475564e-02     7.62563520e-03
   476     6.25283428e-02     8.38704589e-03
   477     2.11018804e-02     2.45185962e-02
   478     2.23830339e-02     2.25886577e-02
   479     2.15005031e-03     1.09375000e-02
   480     4.45463414e-03     1.13374381e-02
   481     3.73774095e-02     3.82017267e-02
   482     3.87321781e-02     3.56566834e-02
   483     6.78026980e-02     7.45017007e-03
   484     4.60941367e-02     4.77898326e-02
   485     8.31840159e-02     4.21042349e-02
   486     4.77101908e-02     1.72522422e-02
   487     2.32309553e-02     1.13213770e-02
   488     2.19040683e-02     9.38147483e-03
   489     2.08901491e-02     6.92110758e-03
   490     2.35713404e-02     6.38867467e-03
   491     2.48574108e-02     3.32219214e-03
   492     2.63758010e-02     7.10100108e-03
   493     2.92634584e-02     7.90394596e-03
   494     3.13813630e-02     5.70215249e-03
   495     2.81250000e-02     0.00000000e+00
   496     3.23548410e-02     2.82713667e-03
   497     3.43750000e-02     0.00000000e+00
   498     3.59375000e-02     2.54630096e-03
   499     3.88970910e-02     2.60985726e-03
   500     4.06250000e-02     0.00000000e+00
   501     2.18750000e-02     0.00000000e+00
   502     3.33027384e-02     7.48246953e-03
   503     3.62758592e-02     7.38093975e-03
   504     3.86999868e-02     8.56974359e-03
   505     3.13856347e-02     8.67587915e-03
   506     2.03125000e-02     2.13805169e-03
   507     8.93263158e-02     4.49312495e-02
   508     9.13766883e-02     4.38403916e-02
   509     1.71089237e-02     2.77257124e-03
   510     1.56250000e-02     0.00000000e+00
   511     1.40625000e-02     2.14195919e-03
   512     1.21281363e-02     3.86287141e-03
   513     1.25670981e-02     6.44895176e-03
   514     1.48033384e-02     7.04834423e-03
   515     1.04035939e-02     5.22861371e-03
   516     2.59771984e-02     1.57772978e-02
   517     3.84096422e-02     4.76904661e-02
   518     4.06250000e-02     5.00000000e-02
   519     1.42326250e-02     4.29010794e-02
   520     2.15795535e-03     2.44029080e-02
   521     8.50000000e-02     2.03750321e-02
   522     7.30385548e-02     2.66275809e-02
   523     7.41015547e-02     2.86240917e-02
   524     7.70023587e-02     7.19190694e-03
   525     5.38781698e-02     4.44985955e-02
   526     5.51232521e-02     4.22109287e-02
   527     5.83684150e-02     2.41347965e-03
   528     7.59003064e-02     5.27182743e-03
   529     4.81304711e-02     3.26297218e-02
   530     2.20935010e-02     1.74753166e-02
   531     2.20913856e-02     3.25202985e-02
   532     3.51996662e-02     2.65915875e-02
   533     8.54857021e-03     2.13547643e-02
   534     1.03075886e-02     1.02309100e-02
   535     8.57302251e-03     1.24534391e-02
   536     8.30522218e-03     8.94351398e-03
   537     1.03076434e-02     3.97683246e-02
   538     8.57292758e-03     3.75462529e-02
   539     8.30542178e-03     4.10561104e-02
   540     7.83413734e-03     4.34646109e-02
   541     6.30775207e-03     3.80926117e-02
   542     7.49195385e-02     4.46615813e-02
   543     2.60654774e-02     3.93119543e-02
   544     7.03125000e-02     4.79961738e-02
   545     7.25427685e-02     4.08996255e-02
   546     7.04434050e-02     3.91389982e-02
   547     7.02497351e-02     4.20497796e-02
   548     7.11491194e-02     3.66313537e-02
   549     6.82090460e-02     3.81730707e-02
   550     4.91132047e-02     2.16156642e-02
   551     6.03589694e-02     4.63248857e-02
   552     5.76151221e-02     4.73916995e-02
   553     5.93750000e-02     5.00000000e-02
   554     0.00000000e+00     4.41406250e-02
   555     5.15184840e-02     1.00020106e-02
   556     4.84815160e-02     1.00020106e-02
   557     0.00000000e+00     1.91406250e-02
   558     7.55314994e-02     3.91266849e-02
   559     2.51070943e-02     1.37405022e-02
   560     1.71740070e-03     1.77734375e-02
   561     3.50000000e-02     2.44618100e-02
   562     6.50000000e-02     2.44618100e-02
   563     5.50628056e-02     2.18270864e-02
   564     1.36059355e-02     2.50000000e-02
   565     5.13825840e-02     3.88461883e-02
   566     5.05941689e-02     4.10186350e-02
   567     3.00981005e-02     2.24005669e-02
   568     3.00089464e-02     2.76180570e-02
   569     4.63083020e-02     2.12629643e-02
   570     2.60909288e-02     2.50000000e-02
   571     5.83333350e-02     2.39756950e-02
   572     5.61559897e-02     1.84700851e-02
   573     5.42296036e-02     1.74005711e-02
   574     0.00000000e+00     1.44531250e-02
   575     1.88998483e-03     1.29925998e-02
   576     2.05790931e-03     1.51630266e-02
   577     3.45687729e-02     3.15617223e-02
   578     2.70610488e-02     1.89756368e-02
   579     2.65537278e-02     3.00371720e-02
   580     7.01449252e-02     2.73627052e-02
   581     7.83333350e-02     2.30246900e-02
   582     1.07986100e-02     1.56336800e-02
   583     6.64705900e-02     2.18166100e-02
   584     1.07986100e-02     3.43663200e-02
   585     6.10360601e-02     1.37961046e-02
   586     3.83333350e-02     2.41840300e-02
   587     6.88885719e-02     3.05275861e-02
   588     9.50000000e-02     2.36419750e-02
   589     2.23188340e-02     2.71414442e-02
   590     8.16666650e-02     2.26543200e-02
   591     4.82638900e-03     3.62066000e-02
   592     3.06890652e-03     2.98300610e-02
   593     0.00000000e+00     2.77343750e-02
   594     4.82638900e-03     1.37934000e-02
   595     8.83333350e-02     2.26543200e-02
   596     4.16665479e-02     1.92840142e-02
   597     4.20315820e-02     2.17559787e-02
   598     9.16666650e-02     2.30246900e-02
   599     7.97961283e-02     1.69531678e-02
   600     8.24877746e-02     1.66317474e-02
   601     8.45900193e-02     1.50534982e-02
   602     5.68129431e-02     9.25950237e-03
   603     5.16666650e-02     2.37673600e-02
   604     5.10343174e-02     2.96276676e-02
   605     1.00000000e-01     2.30468750e-02
   606     9.81273469e-02     2.44451417e-02
   607     9.67932027e-02     2.62665972e-02
   608     1.00000000e-01     1.91406250e-02
   609     2.29717184e-03     5.53335426e-03
   610     0.00000000e+00     3.12500000e-03
   611     3.12500000e-03     0.00000000e+00
   612     5.18680543e-03     7.63936714e-03
   613     6.26026753e-03     2.91087764e-03
   614     5.27699309e-02     2.15890712e-02
   615     9.37500000e-03     0.00000000e+00
   616     6.13012954e-02     3.89245264e-02
   617     6.00965640e-02     3.58164418e-02
   618     6.37862230e-02     3.77492855e-02
   619     6.32684489e-02     4.24620337e-02
   620     6.61549741e-02     4.27284952e-02
   621     6.10478310e-02     4.38166043e-02
   622     5.88739057e-02     4.45683020e-02
   623     6.67685486e-02     4.50001308e-02
   624     6.56250000e-02     5.00000000e-02
   625     6.70011442e-02     4.76840375e-02
   626     6.40625000e-02     4.77577559e-02
   627     6.18780945e-02     4.79010939e-02
   628     2.14217221e-02     1.43778233e-02
   629     2.14214621e-02     3.56177385e-02
   630     9.07623078e-03     2.89688625e-02
   631     5.86188210e-03     2.74264772e-02
   632     7.50000000e-02     2.36419750e-02
   633     7.54697180e-02     1.87739394e-02
   634     7.65817801e-03     1.92031524e-02
   635     5.46108179e-03     1.85261394e-02
   636     5.45659423e-03     3.15459736e-02
   637     6.67742341e-02     3.49772281e-02
   638     6.89955585e-02     3.33103980e-02
   639     1.33576277e-02     1.13434856e-02
   640     1.33567433e-02     3.86548107e-02
   641     7.16666650e-02     2.45061750e-02
   642     7.13904983e-02     1.88756083e-02
   643     0.00000000e+00     3.98437500e-02
   644     1.92433551e-03     4.17662888e-02
   645     4.02647297e-03     4.11577421e-02
   646     0.00000000e+00     3.55468750e-02
   647     1.88998483e-03     3.70074002e-02
   648     2.05790931e-03     3.48369734e-02
   649     8.72064661e-02     1.74158311e-02
   650     9.00048706e-02     1.70214538e-02
   651     9.07502403e-02     1.41747963e-02
   652     8.72099847e-02     1.31252999e-02
   653     8.66294982e-02     1.08621652e-02
   654     4.68212905e-02     2.80264228e-02
   655     4.47985367e-02     2.91952700e-02
   656     5.43177262e-02     6.00990670e-03
   657     5.15695296e-02     6.00047866e-03
   658     5.00000000e-02     3.28865182e-03
   659     4.87636564e-02     5.77253353e-03
   660     4.63497261e-02     6.09308466e-03
   661     4.42688230e-02     4.36405615e-03
   662     4.68750000e-02     0.00000000e+00
   663     4.50952809e-02     2.05293396e-03
   664     5.31250000e-02     0.00000000e+00
   665     3.98302458e-02     1.20133237e-02
   666     4.40689875e-02     9.05199039e-03
   667     4.08329359e-02     7.30054277e-03
   668     9.38240214e-02     1.88536681e-02
   669     3.75802024e-02     1.30721671e-02
   670     3.52165939e-02     1.14880833e-02
   671     4.31340822e-02     2.60024882e-02
   672     1.80559718e-02     7.81516654e-03
   673     8.24905231e-02     1.23881325e-02
   674     3.07765560e-02     3.35297952e-02
   675     3.28505152e-02     3.53812417e-02
   676     9.28079637e-02     2.76411772e-02
   677     9.56391904e-02     3.02696019e-02
   678     1.00000000e-01     3.08593750e-02
   679     1.00000000e-01     3.86718750e-02
   680     1.94095307e-02     1.37632158e-02
   681     1.79678563e-02     1.61389663e-02
   682     1.79689178e-02     3.38590904e-02
   683     1.94073593e-02     3.62348550e-02
   684     1.96579366e-02     4.50194226e-02
   685     1.71875000e-02     5.00000000e-02
   686     1.64062500e-02     4.78326034e-02
   687     1.18885894e-02     4.78850202e-02
   688     1.04358979e-02     4.46557841e-02
   689     6.54572189e-02     1.46110574e-02
   690     6.32429360e-02     1.31689905e-02
   691     6.45798710e-02     1.03277406e-02
   692     9.40242418e-02     1.50841934e-02
   693     9.58580392e-02     1.35362720e-02
   694     1.00000000e-01     1.52343750e-02
   695     1.00000000e-01     1.13281250e-02
   696     9.76508590e-02     9.12517367e-03
   697     1.00000000e-01     7.03125000e-03
   698     9.41406250e-02     0.00000000e+00
   699     9.45828515e-02     5.50742925e-03
   700     9.23641151e-02     2.05755601e-03
   701     9.23916950e-02     4.20869258e-03
   702     9.02343750e-02     0.00000000e+00
   703     8.61235547e-02     2.71174030e-02
   704     7.78433084e-02     2.77734151e-02
   705     9.20020850e-02     3.46536559e-02
   706     9.31513311e-02     3.91448970e-02
   707     9.06991915e-02     3.67482550e-02
   708     8.82012250e-02     3.65742550e-02
   709     8.68188785e-02     3.88283315e-02
   710     8.73508274e-02     3.40924447e-02
   711     8.82004159e-02     4.05445549e-02
   712     9.09357970e-02     3.27981648e-02
   713     9.03296219e-02     2.86684845e-02
   714     9.20659119e-02     3.08771518e-02
   715     8.44266399e-02     3.02953882e-02
   716     8.33352967e-02     3.28975962e-02
   717     8.27913070e-02     3.53583749e-02
   718     8.51765449e-02     3.40546351e-02
   719     8.77717184e-02     3.05415558e-02
   720     9.55362580e-02     4.17633951e-02
   721     1.00000000e-01     4.29687500e-02
   722     9.78929155e-02     4.41406250e-02
   723     9.68750000e-02     5.00000000e-02
   724     9.75662547e-02     4.71019819e-02
   725     9.48618915e-02     4.75024679e-02
   726     9.26576608e-02     4.80174239e-02
   727     9.35382061e-02     4.57155363e-02
   728     8.43440932e-02     3.81966195e-02
   729     8.01703774e-02     3.61963617e-02
   730     7.96489423e-02     3.85631802e-02
   731     7.71967333e-02     3.14366672e-02
   732     7.35180098e-02     3.38734253e-02
   733     7.24893486e-02     3.13306501e-02
   734     6.05805408e-02     2.04533770e-02
   735     5.92418512e-02     3.98255321e-02
   736     9.47676758e-02     1.13277114e-02
   737     9.22661504e-02     1.08297725e-02
   738     8.25173750e-02     8.43486535e-03
   739     8.11583177e-02     5.25343865e-03
   740     8.20312500e-02     0.00000000e+00
   741     7.73437500e-02     0.00000000e+00
   742     7.91159674e-02     4.32513701e-03
   743     8.63281250e-02     0.00000000e+00
   744     7.53001546e-02     2.15751599e-03
   745     9.48058235e-02     3.37824664e-02
   746     9.79242470e-02     3.39622915e-02
   747     3.01679887e-02     3.79485468e-02
   748     3.39527941e-02     3.90930031e-02
   749     3.28062801e-02     4.15781079e-02
   750     2.51457908e-02     4.28011596e-02
   751     2.03125000e-02     4.82069072e-02
   752     3.54825432e-02     4.30926553e-02
   753     3.96222118e-02     4.42068636e-02
   754     7.96362350e-02     4.32851823e-02
   755     7.84844361e-02     4.56880984e-02
   756     7.47874086e-02     4.79584973e-02
   757     7.12470434e-02     4.54759579e-02
   758     5.21900498e-02     3.40212314e-02
   759     2.52317997e-02     3.40095479e-02
   760     2.86251147e-02     3.53215199e-02
   761     2.23656969e-02     3.90464760e-02
   762     9.80468750e-02     0.00000000e+00
   763     7.34375000e-02     0.00000000e+00
   764     7.04615813e-02     1.26930059e-02
   765     8.01759045e-02     8.52339982e-03
   766     7.88847271e-02     1.45244050e-02
   767     7.43206406e-02     1.49063596e-02
   768     4.27690824e-02     4.76281168e-02
   769     4.59128584e-02     4.40395889e-02
   770     4.79766853e-02     4.20780667e-02
   771     5.01740642e-02     4.46791990e-02
   772     5.15625000e-02     5.00000000e-02
   773     6.41649707e-02     6.36793152e-03
   774     4.10941937e-02     4.14479484e-02
   775     4.63246817e-02     3.83916290e-02
   776     3.90333883e-02     3.97038876e-02
   777     3.59685188e-02     3.44619759e-02
   778     8.26609373e-02     4.42079423e-02
   779     4.54244151e-02     1.78263635e-02
   780     2.62530778e-02     4.95585132e-03
   781     2.74148626e-02     2.56322372e-03
   782     2.98676805e-02     3.01659601e-03
   783     2.66378823e-02     9.44349042e-03
   784     3.67297969e-02     4.78503524e-03
   785     4.21875000e-02     0.00000000e+00
   786     2.34375000e-02     1.59709323e-03
   787     1.89707060e-02     3.76797576e-03
   788     2.16291192e-03     2.22136507e-02
   789     4.96407606e-02     3.41426570e-02
   790     4.18474925e-03     3.86385951e-02
   791     7.59396764e-02     3.71539633e-02
   792     1.27033600e-02     2.68684447e-02
   793     1.27208140e-02     2.31365462e-02
   794     1.60837614e-02     2.41140140e-02
   795     1.60146096e-02     2.63589166e-02
   796     5.21042821e-02     1.69902401e-02
   797     7.66283024e-02     2.09928529e-02
   798     7.94477995e-02     2.05427881e-02
   799     6.89855219e-02     2.11534378e-02
   800     6.14811917e-02     1.58742153e-02
   801     5.96764919e-02     1.21738728e-02
   802     3.90278454e-02     2.61805342e-02
   803     6.69133686e-02     3.09359236e-02
   804     9.41118932e-02     2.11762333e-02
   805     8.30767529e-02     2.45678611e-02
   806     8.05384688e-02     2.47632912e-02
   807     0.00000000e+00     3.16406250e-02
   808     2.32588181e-03     2.76232561e-02
   809     9.00252086e-02     2.06804849e-02
   810     4.93051486e-02     2.84544367e-02
   811     9.75440506e-02     2.16516091e-02
   812     1.00000000e-01     2.69531250e-02
   813     9.76364025e-02     1.80166817e-02
   814     1.80732394e-03     1.80732394e-03
   815     8.04893678e-03     1.70294047e-03
   816     6.60079183e-02     4.06122157e-02
   817     5.87957204e-02     4.23482468e-02
   818     7.00017801e-02     1.64179753e-02
   819     4.84375000e-02     1.64432591e-03
   820     5.47389178e-02     1.91269623e-03
   821     5.17814180e-02     1.85235001e-03
   822     9.76877888e-02     3.72074307e-02
   823     9.77493663e-02     5.21629212e-03
   824     8.89825044e-02     1.92229786e-03
   825     9.75650962e-02     4.03980893e-02
   826     1.00000000e-01     4.76562500e-02
   827     8.27764388e-02     1.99039919e-03
   828     8.56892054e-02     2.01535519e-03
   829     3.26816771e-02     4.36405228e-02
   830     1.00000000e-01     2.34375000e-03
   831     5.26835381e-02     4.78863173e-02
   832     4.49185275e-02     3.98784583e-02
   833     2.09204840e-03     3.16804670e-02
   834     6.59597987e-02     3.83560508e-02
3
4
86
90
92
95
97
98
102
127
192
234
243
245
267
325
328
332
357
381
402
405
408
414
420
448
450
452
455
518
553
624
685
723
772
       3      2.000000e+01
       4      2.000000e+01
      86      2.000000e+01
      90      2.000000e+01
      92      2.000000e+01
      95      2.000000e+01
      97      2.000000e+01
      98      2.000000e+01
     102      2.000000e+01
     127      2.000000e+01
     192      2.000000e+01
     234      2.000000e+01
     243      2.000000e+01
     245      2.000000e+01
     267      2.000000e+01
     325      2.000000e+01
     328      2.000000e+01
     332      2.000000e+01
     357      2.000000e+01
     381      2.000000e+01
     402      2.000000e+01
     405      2.000000e+01
     408      2.000000e+01
     414      2.000000e+01
     420      2.000000e+01
     448      2.000000e+01
     450      2.000000e+01
     452      2.000000e+01
     455      2.000000e+01
     518      2.000000e+01
     553      2.000000e+01
     624      2.000000e+01
     685      2.000000e+01
     723      2.000000e+01
     772      2.000000e+01
       0      0.000000e+00
  6.000000e-01   6.000000e-01   0.000000e+00
     1   1     37    169     38
     2   1      7    594    480
     3   1      8    184    253
     4   1    377    378     94
     5   1      6    479    480
     6   1    374    557    560
     7   1    216    612    609
     8   1    253    635    199
     9   1    321     10     11
    10   1    530    628    138
    11   1     13    195     12
    12   1     10    317    318
    13   1    179    530    138
    14   1    322    154    321
    15   1    123    503    504
    16   1      8    201    582
    17   1    639    317    201
    18   1    477    478    166
    19   1     13     12    530
    20   1    530    186    628
    21   1    204     32     33
    22   1    179     14     13
    23   1     30    567    316
    24   1     31     32    370
    25   1    382     32     31
    26   1    596     34    165
    27   1    570     28    166
    28   1     14    179    578
    29   1     48    532    561
    30   1    204    596    597
    31   1    671     50    229
    32   1    567     17     16
    33   1     15     14    578
    34   1    370     48    561
    35   1     36    486    779
    36   1     14     15    166
    37   1    781     89    495
    38   1     16     29    570
    39   1    241    422    761
    40   1    188    224     22
    41   1     26     25    196
    42   1     23    323     24
    43   1    531    139    629
    44   1    832    469    775
    45   1     21    188    584
    46   1    180    531     26
    47   1     67    148    565
    48   1    202    537    538
    49   1    648    591     19
    50   1    142    188    254
    51   1     22     23    319
    52   1    247    314    326
    53   1     22    202    584
    54   1     25    187    682
    55   1    164    579     28
    56   1      7    199    594
    57   1     17     58    568
    58   1     28    570     29
    59   1     58     47    532
    60   1     47     58     17
    61   1     30    561     47
    62   1    190    532     48
    63   1     17     30     47
    64   1    121    180    579
    65   1    241    629    422
    66   1    166     28     27
    67   1    164    568    396
    68   1     62    482     61
    69   1     60     59    190
    70   1    561    532     47
    71   1    162    775     65
    72   1     62     63    159
    73   1    296    135    218
    74   1    577     59     60
    75   1     60    190    296
    76   1     27    589    166
    77   1     17     29     16
    78   1     27    180     26
    79   1     62     61    218
    80   1     80    315    595
    81   1     35     36    779
    82   1    284    289    147
    83   1    796    200     38
    84   1    556    169    285
    85   1     37     36    285
    86   1    486     37    200
    87   1     33    177     34
    88   1    200    143    486
    89   1    529     64    170
    90   1    165    569     50
    91   1     53    563     54
    92   1    200    217    143
    93   1    335    483    435
    94   1    171    563    572
    95   1    573     40    572
    96   1    263     53     54
    97   1    391    528    744
    98   1    135    297    671
    99   1    734    171     42
   100   1    800     41    585
   101   1     40    278    189
   102   1    590    207     78
   103   1     78    521     79
   104   1    581     76    797
   105   1    278     40     39
   106   1     57    346    562
   107   1     57    583     45
   108   1     44     43    219
   109   1    309    607    812
   110   1     57    562    583
   111   1    581    806    298
   112   1    651    652    114
   113   1     79    203    595
   114   1    158    703    315
   115   1    460    108    667
   116   1     44    185    583
   117   1    739    388    273
   118   1     42    171     41
   119   1    694    813    336
   120   1    508    358    507
   121   1    458     63     62
   122   1     55    459    424
   123   1    421     69     68
   124   1    178     70     69
   125   1     56    346    459
   126   1     72    230     71
   127   1     54    171    571
   128   1    125    421    156
   129   1    124    468    832
   130   1     63    170     64
   131   1    529    170    119
   132   1    125    178    421
   133   1    162    565    566
   134   1    484    768    445
   135   1    758     66    789
   136   1     20     21    538
   137   1    230    191    637
   138   1    189     41     40
   139   1    220    346     73
   140   1    562     56    371
   141   1    522     75    299
   142   1     46     57     45
   143   1     46     45    799
   144   1     81    206    598
   145   1     43     44    371
   146   1     74     57     46
   147   1     71    431     72
   148   1    431    220     72
   149   1    484    446    451
   150   1    641    522    580
   151   1     76    581    298
   152   1     71    230    617
   153   1    715    133    347
   154   1     76    298    299
   155   1     74     73    346
   156   1    616    167    231
   157   1    212    811    608
   158   1     73     72    220
   159   1    364    464    730
   160   1    162     65     66
   161   1    187    683    682
   162   1    779     34     35
   163   1    580    587     74
   164   1    248    142    631
   165   1     82    308    588
   166   1    531    180    139
   167   1    270    648    646
   168   1    147    283    284
   169   1     31     30    316
   170   1    467    411    753
   171   1    100    399    400
   172   1    219    176    689
   173   1    546    547    109
   174   1     61    777     60
   175   1     35    283     36
   176   1    824    702    344
   177   1    536    535    172
   178   1    444    377     94
   179   1    591    541    790
   180   1    291    804    598
   181   1    799    185    642
   182   1    146    278    279
   183   1    471     96    470
   184   1     78    805    590
   185   1    313    542    416
   186   1    809    598     80
   187   1    206    158    315
   188   1    280    656    105
   189   1    465    464    257
   190   1     69     70    617
   191   1     68    148     67
   192   1    466    372    148
   193   1    317     10      9
   194   1    509    787    302
   195   1    307    397    747
   196   1    175    675    674
   197   1    247    326    327
   198   1    647    264     18
   199   1    590    798    207
   200   1    211    276     52
   201   1    707    115    705
   202   1    367    368    369
   203   1    254     21     20
   204   1    674    675    307
   205   1    286    660    659
   206   1    146    279    280
   207   1    118    232    619
   208   1    466    148     68
   209   1    229     51    276
   210   1    550    603     52
   211   1    292    160    375
   212   1     15    163     16
   213   1     28     29    164
   214   1    482    777     61
   215   1    475    476    208
   216   1    433    689    334
   217   1    160    292    294
   218   1    505    494    502
   219   1    831    772    447
   220   1    467    468    124
   221   1    421    758    156
   222   1    211    603     53
   223   1    213    479      5
   224   1    226    512    515
   225   1    173    539    540
   226   1    806    581     77
   227   1    673    442    303
   228   1    319    202     22
   229   1    268    333    127
   230   1    323    324     24
   231   1    533    184    222
   232   1    482    159    481
   233   1    406    407    409
   234   1    548    256    546
   235   1    549    637    255
   236   1    798    590     77
   237   1    707    708    115
   238   1    582      9    184
   239   1    116    225    248
   240   1    229     50     51
   241   1    529    119    156
   242   1     42    800     43
   243   1    262    252     75
   244   1     12     11    681
   245   1    723    357    725
   246   1    236    378    487
   247   1    139    423    422
   248   1    113    362    241
   249   1    534    126    259
   250   1    383    554    265
   251   1    520    808    249
   252   1    224    225    155
   253   1    200     37     38
   254   1    569    550     51
   255   1     73    803     72
   256   1    232    118    616
   257   1    433    764    818
   258   1    443    767    304
   259   1    169    279     38
   260   1    122    585    801
   261   1    177    284     34
   262   1    147    286    285
   263   1    466     69    167
   264   1    552    192    449
   265   1    336    668    692
   266   1    588     81    804
   267   1    309    150    308
   268   1    677    150    309
   269   1     41    171    572
   270   1    603    217    614
   271   1    201      9    582
   272   1    639    259    301
   273   1    314    260    640
   274   1    584    202     21
   275   1    322     12    195
   276   1    155    795    324
   277   1    155    792    564
   278   1    130    196    324
   279   1    789     65    529
   280   1    125    604    211
   281   1    133    366    348
   282   1    580     74     46
   283   1    150    349    714
   284   1    197    295    347
   285   1     63     64    469
   286   1    398    481    776
   287   1    160    376    375
   288   1    669    177    294
   289   1    432     70    178
   290   1    263    424    425
   291   1     66     67    565
   292   1    110    770    566
   293   1    376    160    380
   294   1    567     16    163
   295   1     29    568    164
   296   1    396     58     59
   297   1    165    779    569
   298   1     49    204    597
   299   1    589     26    196
   300   1    477    130    195
   301   1    230    231    617
   302   1    735    372    466
   303   1    271    649    601
   304   1    650    203    649
   305   1     36    283    285
   306   1    602    280    105
   307   1    458     62    218
   308   1    170    458    655
   309   1     43    371    734
   310   1     55    424    571
   311   1    479      6    575
   312   1    814    611    215
   313   1    331    247    329
   314   1    644    643    264
   315   1    174    574    576
   316   1    574    575    576
   317   1    674    164    396
   318   1    585     41    189
   319   1    689    690    334
   320   1     33     32    294
   321   1    666    289    108
   322   1    425    125    263
   323   1    161    431    432
   324   1    120    516    377
   325   1    163    578    120
   326   1     27     28    579
   327   1    759    121    423
   328   1    523    369    733
   329   1    638    587    132
   330   1    766    304    442
   331   1    600    207    599
   332   1    221      9     10
   333   1    216    226    515
   334   1    184    221    222
   335   1    433    818    136
   336   1    252    262    642
   337   1    681     10    318
   338   1    235    680    361
   339   1    187    531    629
   340   1    320    153    319
   341   1    630    225    188
   342   1     22    224     23
   343   1    208    189    146
   344   1    585    122    690
   345   1    802     49    297
   346   1    296    297    135
   347   1     74    587    803
   348   1    255    638    132
   349   1    525    526    194
   350   1    193    668    336
   351   1    812    606     83
   352   1    619    621    118
   353   1    831    449    448
   354   1     13     14    478
   355   1    130    794    322
   356   1     25     24    324
   357   1    196    130    477
   358   1     78     79    295
   359   1    197    348    298
   360   1     20    541    591
   361   1    142    636    592
   362   1    253      7      8
   363   1    134    373    374
   364   1    796     39    573
   365   1    200    796    217
   366   1      8      7    535
   367   1    534    259    639
   368   1    537    640    260
   369   1    640    537    202
   370   1    650    649    271
   371   1    650    291    809
   372   1     33     34    596
   373   1    204    586    370
   374   1    308     81    588
   375   1    678    310    677
   376   1    714    676    150
   377   1    207    798    599
   378   1    521    207    168
   379   1    146    602    208
   380   1    105    473    475
   381   1    471    527    472
   382   1    430    462    210
   383   1    604    125    156
   384   1    394    437    430
   385   1    654    229    276
   386   1    140    609    214
   387   1    605    606    811
   388   1    214    213    140
   389   1    612    172    214
   390   1    140    610    609
   391   1    815    615    226
   392   1    613    216    215
   393   1    536    216    126
   394   1    614    217    151
   395   1    550    143    217
   396   1     61     60    296
   397   1    458    218    135
   398   1    176    219     43
   399   1    185    219    136
   400   1    459    220    161
   401   1    346     56    562
   402   1    321    221     10
   403   1    154    564    793
   404   1    154    222    221
   405   1    116    251    533
   406   1    383    223    268
   407   1    644    141    643
   408   1    225    224    188
   409   1    323    224    155
   410   1    630    142    248
   411   1    116    564    792
   412   1    226    216    613
   413   1    101    511    512
   414   1    490    488    489
   415   1    152    639    301
   416   1    511    509    227
   417   1     51     52    276
   418   1    655    458    135
   419   1    191    230     72
   420   1    231    230    144
   421   1    231    144    618
   422   1    617    231    167
   423   1    549    109    834
   424   1    627    233    626
   425   1    620    233    619
   426   1    186    681    680
   427   1    545    256    558
   428   1    417    625    623
   429   1    488    236    487
   430   1    672    111    301
   431   1    496    240    494
   432   1    490    492    236
   433   1    488    490    236
   434   1    497    498    496
   435   1    786    239    506
   436   1    239    491    490
   437   1    289    667    108
   438   1    123    669    670
   439   1    242    427    761
   440   1    320    362    153
   441   1    409    261    410
   442   1    403    404    401
   443   1    397    131    748
   444   1    426    246    684
   445   1    404    403     92
   446   1    242    400    750
   447   1    327    686    247
   448   1    405    751    404
   449   1    328    329    686
   450   1    129    537    260
   451   1    808    631    592
   452   1    251    116    248
   453   1    134    251    373
   454   1     87    788    520
   455   1    250    373    251
   456   1    251    248    631
   457   1    134    634    533
   458   1     76    299    632
   459   1    633    252    145
   460   1    634    253    184
   461   1      6    480    594
   462   1    198    254     20
   463   1    636    254    198
   464   1    367    106    368
   465   1    255    548    549
   466   1    464    465    558
   467   1    546    256    545
   468   1    716    717    365
   469   1    364    485    778
   470   1    705    115    712
   471   1    426    326    113
   472   1    513    126    515
   473   1    301    111    361
   474   1    153    362    314
   475   1    331    519    247
   476   1    100    397    399
   477   1    408    410     95
   478   1    641     46    262
   479   1    262    799    642
   480   1    424    263     54
   481   1    211    263    125
   482   1    264    647    790
   483   1    540    265    645
   484   1    265    644    645
   485   1    267    268    127
   486   1    269      4    266
   487   1    383    268    269
   488   1    269    268    267
   489   1    687    332    330
   490   1      4    269    267
   491   1    117    280    555
   492   1    168    600    601
   493   1     93    592    833
   494   1    737    651    114
   495   1    386    673    303
   496   1    386    272    673
   497   1    440    441    304
   498   1    739    392    388
   499   1    385    386    274
   500   1    337    737    736
   501   1    385    274    384
   502   1    274    393    384
   503   1    211    604    810
   504   1    699    428    823
   505   1    694    693    338
   506   1     39     38    279
   507   1    189    278    146
   508   1    279    278     39
   509   1    169    556    555
   510   1    169    555    279
   511   1    473    105    474
   512   1    660    661    288
   513   1    282    656    657
   514   1    664    821     84
   515   1     35     34    284
   516   1    285    283    147
   517   1    284    283     35
   518   1    177    669    665
   519   1    147    666    286
   520   1     37    285    169
   521   1    660    288    659
   522   1    556    117    555
   523   1     84    819    662
   524   1    657    117    659
   525   1    658    282    657
   526   1    177    665    284
   527   1    502    240    503
   528   1    498    240    496
   529   1    499    500    460
   530   1    598    809    291
   531   1    668    291    149
   532   1    177     33    294
   533   1    375    293    670
   534   1     94    783    493
   535   1    293    502    503
   536   1    294     32    382
   537   1    294    292    669
   538   1    315    295     79
   539   1    197    347    133
   540   1    296    218     61
   541   1     48    370    586
   542   1    802    296    190
   543   1    671     49     50
   544   1    348    197    133
   545   1    298    704    299
   546   1    522    523    181
   547   1     75    632    299
   548   1    722    720    825
   549   1    711    258    709
   550   1    514    259    513
   551   1    302    239    489
   552   1    302    672    514
   553   1    509    302    227
   554   1    441    442    304
   555   1    386    388    274
   556   1    766    442    128
   557   1    104    436    438
   558   1    104    435    436
   559   1    741    389    391
   560   1    433    435    104
   561   1    483    461    306
   562   1    307    675    397
   563   1    100    760    747
   564   1     82    606    607
   565   1    676    206    308
   566   1    607    308     82
   567   1    677    309    678
   568   1    825    679    107
   569   1    150    677    349
   570   1    822    746    311
   571   1    707    706    351
   572   1    395    312    350
   573   1    257    415    542
   574   1    313    416    757
   575   1    326    314    113
   576   1    519    314    247
   577   1     79    595    315
   578   1    315     80    206
   579   1    380    163    120
   580   1    316    380    382
   581   1    201    317      9
   582   1    318    317    152
   583   1    318    152    361
   584   1    680    681    318
   585   1     24    682     23
   586   1    319    153    640
   587   1     23    320    319
   588   1    320    682    683
   589   1     11     12    322
   590   1    221    321    154
   591   1     11    322    321
   592   1    130    322    195
   593   1    224    323     23
   594   1    324    323    155
   595   1    564    794    795
   596   1    324    196     25
   597   1    456    457    355
   598   1    755    418    415
   599   1    403    406    402
   600   1    684    327    326
   601   1    102    329    328
   602   1    245    685    686
   603   1    687    329    102
   604   1    687    331    329
   605   1    332    127    333
   606   1    540    330    223
   607   1    330    688    331
   608   1    519    129    260
   609   1    333    223    330
   610   1    223    333    268
   611   1    332    333    330
   612   1    690    691    334
   613   1    136    689    433
   614   1    476    122    208
   615   1    461    335    773
   616   1    651    149    650
   617   1    336    692    693
   618   1    114    385    387
   619   1    341    696    379
   620   1    339    695    338
   621   1    813    694     91
   622   1    277    701    699
   623   1    762    830    428
   624   1    695    696     85
   625   1    697    341    823
   626   1    343    698    342
   627   1    342    428    343
   628   1    701    277    384
   629   1    384    344    701
   630   1    346    220    459
   631   1    393    344    384
   632   1    344    702    700
   633   1     74    346     57
   634   1    295    703    347
   635   1    158    719    715
   636   1    366    133    365
   637   1    704    298    348
   638   1    705    745    350
   639   1    349    705    712
   640   1    745    310    746
   641   1    706    350    312
   642   1    711    300    355
   643   1    709    352    708
   644   1    717    728    363
   645   1    158    713    719
   646   1    708    352    710
   647   1    719    713    353
   648   1    710    353    115
   649   1    729    717    363
   650   1    721    722    825
   651   1    453    419    356
   652   1    456    507    454
   653   1    778    754    364
   654   1    360    725    727
   655   1     97    420    453
   656   1    358    455    454
   657   1    508    300    727
   658   1    360    300    720
   659   1    360    722    724
   660   1    301    361    152
   661   1    235    361    111
   662   1    362    320    683
   663   1    314    362    113
   664   1    363    258    485
   665   1    729    106    367
   666   1    485    258    457
   667   1    364    754    464
   668   1    365    367    366
   669   1    715    716    133
   670   1    365    729    367
   671   1    366    731    704
   672   1    558    791    106
   673   1    731    366    367
   674   1    548    368    256
   675   1    369    157    731
   676   1    368    732    369
   677   1    369    732    733
   678   1     32    204    370
   679   1    586    204     49
   680   1     56     55    371
   681   1    571    734     55
   682   1    817    621    622
   683   1    372    817    526
   684   1    520    373    250
   685   1    374    199    635
   686   1    788    373    520
   687   1    557    174    560
   688   1    380    160    382
   689   1    293    375    444
   690   1    377    376    120
   691   1    444    375    376
   692   1    120    578    516
   693   1    236    492    783
   694   1    559    377    516
   695   1    138    628    487
   696   1    737    114    387
   697   1    699    379    277
   698   1    163    380    316
   699   1    120    376    380
   700   1    316    382     31
   701   1    410    517     95
   702   1    294    382    160
   703   1    266    383    269
   704   1    223    383    265
   705   1    737    387    379
   706   1    393    274    392
   707   1    387    384    277
   708   1    114    652    653
   709   1    386    385    653
   710   1    765    388    738
   711   1    384    387    385
   712   1    277    379    387
   713   1    738    388    386
   714   1    742    389    390
   715   1    739    742    390
   716   1    392    274    388
   717   1    828    827    103
   718   1    742    524    528
   719   1    528    394    744
   720   1    392    390    827
   721   1    824    828    345
   722   1    103    743    828
   723   1    315    703    295
   724   1    437    305    438
   725   1    430    429    394
   726   1    395    745    746
   727   1    312    395    822
   728   1    577    396     59
   729   1    396    175    674
   730   1    481    398    748
   731   1    399    244    400
   732   1    752    112    412
   733   1    397    749    399
   734   1    397    748    749
   735   1    749    829    399
   736   1    401    400    244
   737   1    400    242    543
   738   1    406    243    402
   739   1    401    246    426
   740   1    403    402     92
   741   1    406    403    244
   742   1    244    403    401
   743   1    327    751    245
   744   1    401    404    246
   745   1    404     92    405
   746   1    751    405    245
   747   1    407    406    244
   748   1    399    407    244
   749   1    408    409    410
   750   1    408    243    409
   751   1    407    261    409
   752   1    406    409    243
   753   1    261    412    410
   754   1    753    517    412
   755   1    467    124    769
   756   1    411    518    517
   757   1    752    412    261
   758   1    753    412    112
   759   1    325    418    419
   760   1    418    325    414
   761   1    415    414     90
   762   1    415     90    756
   763   1    755    415    257
   764   1    544    452    234
   765   1    544    416    452
   766   1    625    234    624
   767   1    623    233    620
   768   1    415    418    414
   769   1    413    778    419
   770   1    413    419    418
   771   1     69    421    178
   772   1    453    420    419
   773   1    420    325    419
   774   1    758     68     67
   775   1    139    759    423
   776   1    543    242    422
   777   1    760    423    121
   778   1    543    423    100
   779   1    571    424     54
   780   1    161    432    425
   781   1    161    425    424
   782   1    125    425    178
   783   1    113    427    426
   784   1    427    750    426
   785   1    761    113    241
   786   1    750    427    242
   787   1    772    831    448
   788   1    341    697    696
   789   1    429    430    210
   790   1    744    763     88
   791   1    462    306    461
   792   1    432    431     71
   793   1    220    431    161
   794   1     70    432     71
   795   1    432    178    425
   796   1    334    691    435
   797   1    764    433    104
   798   1    439    104    438
   799   1    642    818    145
   800   1    334    435    433
   801   1    436    483    306
   802   1    437    436    306
   803   1    436    437    438
   804   1    430    437    306
   805   1    394    305    437
   806   1    305    440    438
   807   1    438    440    439
   808   1    767    439    304
   809   1    764    439    434
   810   1    441    524    273
   811   1    439    440    304
   812   1    524    440    305
   813   1    765    303    441
   814   1    303    442    441
   815   1    599    443    766
   816   1    633    443    182
   817   1    434    767    145
   818   1    377    444    376
   819   1    444     94    505
   820   1    446    445    769
   821   1    484    381    768
   822   1    446    769    770
   823   1    771    447    451
   824   1    449    525    194
   825   1    622    552    194
   826   1    449    192    448
   827   1     86    447    772
   828   1    447    771    525
   829   1    451     86    450
   830   1    484    451    450
   831   1    771    451    446
   832   1    756    452    416
   833   1    456    453    356
   834   1    454     97    453
   835   1    454    453    456
   836   1    457    456    356
   837   1    358    726    455
   838   1    455     97    454
   839   1    456    355    507
   840   1    419    778    356
   841   1    457    258    711
   842   1    229    654    655
   843   1     63    458    170
   844   1    424    459    161
   845   1     56    459     55
   846   1    784    499    290
   847   1    663    288    661
   848   1    470    209    471
   849   1    470    462    461
   850   1    306    462    430
   851   1    542    465    257
   852   1    463    470     96
   853   1    463    210    462
   854   1    106    729    730
   855   1    545    465    313
   856   1    465    545    558
   857   1     69    466     68
   858   1    735    466    167
   859   1    467    445    768
   860   1    774    159    468
   861   1    774    468    467
   862   1    159     63    469
   863   1     65    775     64
   864   1    159    469    468
   865   1    462    470    463
   866   1    209    470    461
   867   1    473    471    209
   868   1    527    473    474
   869   1    475    473    209
   870   1    472     96    471
   871   1    656    474    105
   872   1    820    474    282
   873   1    527    281    472
   874   1    475    209    476
   875   1    475    208    602
   876   1    773    476    209
   877   1    691    476    335
   878   1    195     13    478
   879   1    477    166    589
   880   1    166    478     14
   881   1    195    478    477
   882   1    213    214    479
   883   1    480    214    172
   884   1    214    480    479
   885   1    480    172    535
   886   1    675    777    131
   887   1    776    481    159
   888   1    159    482     62
   889   1    777    481    131
   890   1    435    483    436
   891   1    461    483    335
   892   1    381    484    450
   893   1    446    484    445
   894   1    457    356    778
   895   1    363    485    364
   896   1    143    569    779
   897   1     37    486     36
   898   1    487    378    559
   899   1    488    235    111
   900   1    235    488    487
   901   1    489    488    111
   902   1    489    111    672
   903   1    489    239    490
   904   1    506    228    501
   905   1    491    780    490
   906   1    782    237    496
   907   1    492    780    238
   908   1    493    492    238
   909   1    378    783     94
   910   1    494    493    238
   911   1     94    493    505
   912   1    782    238    781
   913   1    502    494    240
   914   1    781    238    780
   915   1    782    494    238
   916   1     99    498    497
   917   1    496    237    497
   918   1    499    498     99
   919   1    784    240    498
   920   1    287    460    785
   921   1    290    499    460
   922   1    499     99    500
   923   1    784    503    240
   924   1     89    786    501
   925   1    505    502    293
   926   1    504    503    290
   927   1    503    123    670
   928   1    667    504    290
   929   1    665    504    289
   930   1    505    293    444
   931   1    494    505    493
   932   1    786    506    501
   933   1    787    239    302
   934   1    508    355    300
   935   1    454    507    358
   936   1    355    508    507
   937   1    727    300    360
   938   1    509    511    510
   939   1    506    509    228
   940   1    510    511    101
   941   1    510    228    509
   942   1    512    511    227
   943   1    512    227    513
   944   1    101    512    226
   945   1    514    513    227
   946   1    259    126    513
   947   1    302    514    227
   948   1    259    514    301
   949   1    513    515    512
   950   1    216    515    126
   951   1    179    138    516
   952   1    559    516    138
   953   1    412    517    410
   954   1    129    519    331
   955   1    411    768    518
   956   1    518     95    517
   957   1    314    519    260
   958   1    199      7    253
   959   1     87    520    249
   960   1    207    521     78
   961   1    521    168    649
   962   1    523    299    157
   963   1    522    181    580
   964   1    299    523    522
   965   1    369    523    157
   966   1    440    524    441
   967   1    528    524    305
   968   1    525    449    831
   969   1    526    110    148
   970   1    110    526    525
   971   1    372    526    148
   972   1    473    527    471
   973   1    527    474    820
   974   1    394    528    305
   975   1    528    391    742
   976   1    789    529    156
   977   1     64    529     65
   978   1     13    530    179
   979   1     12    186    530
   980   1    187     25    531
   981   1     26    531     25
   982   1    190     59    532
   983   1     58    532     59
   984   1    116    533    222
   985   1    251    134    533
   986   1    201      8    535
   987   1    536    126    534
   988   1    535      7    480
   989   1    201    535    534
   990   1    535    536    534
   991   1    536    172    612
   992   1    129    539    537
   993   1    538    541     20
   994   1    202    538     21
   995   1    538    537    539
   996   1    540    539    129
   997   1    539    173    541
   998   1    540    129    688
   999   1    540    223    265
  1000   1    539    541    538
  1001   1    645    790    173
  1002   1    542    415    756
  1003   1    465    542    313
  1004   1    423    543    422
  1005   1    400    543    100
  1006   1    625    544    234
  1007   1    544    417    757
  1008   1    547    545    313
  1009   1    545    547    546
  1010   1    549    546    109
  1011   1    546    549    548
  1012   1    757    547    313
  1013   1    547    417    623
  1014   1    255    132    548
  1015   1    548    132    732
  1016   1    109    816    834
  1017   1    549    834    637
  1018   1    603    550    217
  1019   1     51    550     52
  1020   1    551    553    552
  1021   1    817    372    735
  1022   1    194    552    449
  1023   1    554    383    266
  1024   1    551    627    553
  1025   1    553    192    552
  1026   1    141    644    554
  1027   1    280    279    555
  1028   1    285    286    556
  1029   1    286    117    556
  1030   1    374     87    557
  1031   1    791    256    368
  1032   1    106    464    558
  1033   1    487    559    138
  1034   1    377    559    378
  1035   1      5    479    575
  1036   1    374    560    199
  1037   1    561     30     31
  1038   1    370    561     31
  1039   1    562    371     44
  1040   1    583    562     44
  1041   1    614    563     53
  1042   1    563    151    572
  1043   1    793    116    222
  1044   1    154    322    794
  1045   1    566    148    110
  1046   1     66    565    162
  1047   1    148    566    565
  1048   1    110    771    770
  1049   1    316    567    163
  1050   1     17    567     30
  1051   1     17    568     29
  1052   1    396    568     58
  1053   1    550    569    143
  1054   1     50    569     51
  1055   1    166     15    570
  1056   1     16    570     15
  1057   1    171     54    563
  1058   1    734    571    171
  1059   1    573    572    151
  1060   1     41    572     40
  1061   1    151    217    796
  1062   1     40    573     39
  1063   1    199    560    576
  1064   1    575      6    576
  1065   1    574      5    575
  1066   1      6    594    576
  1067   1    560    174    576
  1068   1    777    577     60
  1069   1    396    577    175
  1070   1     15    578    163
  1071   1    516    578    179
  1072   1    121    579    164
  1073   1     27    579    180
  1074   1    580     46    641
  1075   1    587    580    181
  1076   1     76    632    797
  1077   1    581    797    798
  1078   1    184      9    221
  1079   1    184      8    582
  1080   1    185     44    219
  1081   1    799    583    185
  1082   1    188     21    254
  1083   1    188     22    584
  1084   1    800    585    176
  1085   1    801    585    189
  1086   1    297    296    802
  1087   1     48    586    802
  1088   1    587    181    733
  1089   1    587    638    803
  1090   1     81    598    804
  1091   1    588    804    811
  1092   1     26    589     27
  1093   1    477    589    196
  1094   1    197    805    295
  1095   1    590    805    806
  1096   1    648     19    647
  1097   1    198     20    591
  1098   1    270    807    833
  1099   1     93    593    808
  1100   1    808    520    250
  1101   1     93    808    592
  1102   1    576    594    199
  1103   1    203     79    521
  1104   1    809    595    203
  1105   1    597    165     50
  1106   1     33    596    204
  1107   1    165    597    596
  1108   1     49    597     50
  1109   1    206     81    308
  1110   1    206     80    598
  1111   1    443    599    182
  1112   1    600    599    128
  1113   1    128    673    601
  1114   1    207    600    168
  1115   1    128    601    600
  1116   1    601    272    652
  1117   1    280    602    146
  1118   1    475    602    105
  1119   1    211     53    263
  1120   1    211     52    603
  1121   1    156    119    604
  1122   1    810    604    119
  1123   1     82    588    811
  1124   1    606     82    811
  1125   1    605     83    606
  1126   1    205    309    812
  1127   1    308    607    309
  1128   1    608    811    813
  1129   1    609    610    215
  1130   1    216    609    215
  1131   1    814      1    611
  1132   1    609    612    214
  1133   1    183    613    611
  1134   1    536    612    216
  1135   1    611    613    215
  1136   1    616    231    618
  1137   1    563    614    151
  1138   1    603    614     53
  1139   1    815    183    615
  1140   1    615    101    226
  1141   1    735    616    118
  1142   1     69    617    167
  1143   1     71    617     70
  1144   1    144    637    834
  1145   1    616    618    232
  1146   1    620    816    109
  1147   1    621    233    551
  1148   1    816    619    232
  1149   1    620    109    547
  1150   1    233    621    619
  1151   1    622    621    551
  1152   1    552    622    551
  1153   1    194    526    817
  1154   1    547    623    620
  1155   1    625    233    623
  1156   1    625    417    544
  1157   1     98    626    624
  1158   1    625    624    626
  1159   1    627    626     98
  1160   1    625    626    233
  1161   1    553    627     98
  1162   1    233    627    551
  1163   1    680    628    186
  1164   1    487    628    235
  1165   1    422    629    139
  1166   1    683    629    241
  1167   1    142    630    188
  1168   1    248    225    630
  1169   1    592    631    142
  1170   1    251    631    250
  1171   1    797    632    252
  1172   1    632     75    252
  1173   1    443    633    145
  1174   1    797    633    182
  1175   1    533    634    184
  1176   1    635    634    134
  1177   1    634    635    253
  1178   1    374    635    134
  1179   1    592    636    198
  1180   1    142    254    636
  1181   1    230    637    144
  1182   1    638    637    191
  1183   1    637    638    255
  1184   1    638    191    803
  1185   1    317    639    152
  1186   1    534    639    201
  1187   1    319    640    202
  1188   1    314    640    153
  1189   1     75    522    641
  1190   1    262     75    641
  1191   1    185    136    818
  1192   1    252    642    145
  1193   1    645    644    264
  1194   1     18    264    643
  1195   1    554    644    265
  1196   1    645    264    790
  1197   1    540    645    173
  1198   1    647     18    646
  1199   1    790    647     19
  1200   1    648    647    646
  1201   1    198    833    592
  1202   1    591    648    198
  1203   1    521    649    203
  1204   1    601    649    168
  1205   1    651    650    271
  1206   1    291    650    149
  1207   1    651    271    652
  1208   1    651    337    692
  1209   1    601    652    271
  1210   1    653    652    272
  1211   1    386    653    272
  1212   1    114    653    385
  1213   1    810    654    276
  1214   1    119    170    655
  1215   1    229    655    135
  1216   1    119    655    654
  1217   1    657    280    117
  1218   1    474    656    282
  1219   1    280    657    656
  1220   1    658    659    288
  1221   1    288    663    819
  1222   1    281    820    664
  1223   1    657    659    658
  1224   1    286    659    117
  1225   1    286    108    660
  1226   1    661    108    460
  1227   1    108    661    660
  1228   1    662    819    663
  1229   1    460    500    785
  1230   1    460    663    661
  1231   1    662    663    287
  1232   1    658    821    282
  1233   1    504    665    123
  1234   1    289    284    665
  1235   1    289    666    147
  1236   1    108    286    666
  1237   1    504    667    289
  1238   1    460    667    290
  1239   1    668    149    692
  1240   1    804    668    193
  1241   1    670    669    292
  1242   1    665    669    123
  1243   1    375    670    292
  1244   1    503    670    293
  1245   1    135    671    229
  1246   1     49    671    297
  1247   1    514    672    301
  1248   1    489    672    302
  1249   1    601    673    272
  1250   1    442    673    128
  1251   1    760    674    307
  1252   1    674    121    164
  1253   1    777    675    175
  1254   1    397    675    131
  1255   1    308    150    676
  1256   1    714    713    676
  1257   1    205    678    309
  1258   1    349    677    310
  1259   1    679    825    822
  1260   1    137    310    678
  1261   1    361    680    318
  1262   1    628    680    235
  1263   1     12    681    186
  1264   1     10    681     11
  1265   1     23    682    320
  1266   1     25    682     24
  1267   1    629    683    187
  1268   1    362    683    241
  1269   1    426    684    326
  1270   1    751    684    246
  1271   1    686    327    245
  1272   1    685    328    686
  1273   1    247    686    329
  1274   1    332    687    102
  1275   1    331    687    330
  1276   1    540    688    330
  1277   1    129    331    688
  1278   1    219    689    136
  1279   1    690    689    176
  1280   1    585    690    176
  1281   1    691    690    122
  1282   1    476    691    122
  1283   1    435    691    335
  1284   1    651    692    149
  1285   1    337    736    693
  1286   1    337    693    692
  1287   1    693    339    338
  1288   1    693    694    336
  1289   1    696    695    339
  1290   1    379    696    339
  1291   1    428    340    823
  1292   1    700    698    343
  1293   1     85    696    697
  1294   1    428    699    343
  1295   1    379    699    341
  1296   1    698    700    275
  1297   1    701    700    343
  1298   1    700    701    344
  1299   1    699    701    343
  1300   1    824    344    393
  1301   1    275    700    702
  1302   1    715    703    158
  1303   1    366    704    348
  1304   1    299    704    157
  1305   1    705    349    745
  1306   1    707    705    350
  1307   1    720    706    312
  1308   1    351    706    300
  1309   1    706    707    350
  1310   1    708    707    351
  1311   1    709    708    351
  1312   1    718    710    352
  1313   1    711    709    351
  1314   1    709    258    728
  1315   1    710    354    719
  1316   1    115    708    710
  1317   1    300    711    351
  1318   1    711    355    457
  1319   1    115    353    712
  1320   1    714    712    353
  1321   1    158    206    713
  1322   1    676    713    206
  1323   1    712    714    349
  1324   1    713    714    353
  1325   1    715    347    703
  1326   1    716    715    354
  1327   1    354    710    718
  1328   1    133    716    365
  1329   1    718    717    716
  1330   1    728    717    352
  1331   1    717    718    352
  1332   1    354    718    716
  1333   1    710    719    353
  1334   1    715    719    354
  1335   1    706    720    300
  1336   1    825    720    312
  1337   1    724      3    723
  1338   1    359    722    721
  1339   1    720    722    360
  1340   1    722    359    724
  1341   1    360    724    725
  1342   1    724    826      3
  1343   1    723    725    724
  1344   1    726    725    357
  1345   1    455    726    357
  1346   1    727    726    358
  1347   1    726    727    725
  1348   1    508    727    358
  1349   1    709    728    352
  1350   1    258    363    728
  1351   1    717    729    365
  1352   1    730    729    363
  1353   1    364    730    363
  1354   1    106    730    464
  1355   1    369    731    367
  1356   1    704    731    157
  1357   1    548    732    368
  1358   1    733    732    132
  1359   1    587    733    132
  1360   1    523    733    181
  1361   1     43    734     42
  1362   1     55    734    371
  1363   1    616    735    167
  1364   1    817    735    118
  1365   1    379    339    736
  1366   1    693    736    339
  1367   1    736    737    379
  1368   1    737    337    651
  1369   1    386    303    738
  1370   1    738    303    765
  1371   1    742    739    273
  1372   1    392    739    390
  1373   1    390    389    740
  1374   1    744    741    391
  1375   1    742    273    524
  1376   1    389    742    391
  1377   1    392    828    393
  1378   1    394    429    763
  1379   1    741    744     88
  1380   1    745    395    350
  1381   1    349    310    745
  1382   1    310    137    746
  1383   1    311    746    137
  1384   1    397    100    747
  1385   1    760    100    423
  1386   1    481    748    131
  1387   1    749    748    398
  1388   1    752    749    398
  1389   1    407    829    261
  1390   1    400    401    750
  1391   1    426    750    401
  1392   1    684    751    327
  1393   1    404    751    246
  1394   1    752    261    829
  1395   1    112    752    398
  1396   1    753    112    774
  1397   1    517    753    411
  1398   1    755    754    413
  1399   1    464    754    257
  1400   1    754    755    257
  1401   1    418    755    413
  1402   1    452    756     90
  1403   1    542    756    416
  1404   1    544    757    416
  1405   1    547    757    417
  1406   1     68    758    421
  1407   1     66    758     67
  1408   1    139    180    759
  1409   1    121    759    180
  1410   1    674    760    121
  1411   1    747    760    307
  1412   1    242    761    422
  1413   1    113    761    427
  1414   1    428    342    762
  1415   1    763    744    394
  1416   1    439    764    104
  1417   1    764    434    818
  1418   1    441    273    765
  1419   1    765    273    388
  1420   1    599    766    128
  1421   1    304    766    443
  1422   1    767    434    439
  1423   1    443    145    767
  1424   1    518    768    381
  1425   1    467    768    411
  1426   1    467    769    445
  1427   1    770    769    124
  1428   1    124    162    770
  1429   1    566    770    162
  1430   1    770    771    446
  1431   1    525    771    110
  1432   1    447     86    451
  1433   1    476    773    335
  1434   1    209    461    773
  1435   1    753    774    467
  1436   1    774    112    776
  1437   1    832    162    124
  1438   1     64    775    469
  1439   1    774    776    159
  1440   1    398    776    112
  1441   1    777    175    577
  1442   1    481    777    482
  1443   1    778    413    754
  1444   1    457    778    485
  1445   1    143    779    486
  1446   1     34    779    165
  1447   1    490    780    492
  1448   1    491     89    781
  1449   1    491    781    780
  1450   1    495    237    782
  1451   1    782    781    495
  1452   1    494    782    496
  1453   1    236    783    378
  1454   1    493    783    492
  1455   1    499    784    498
  1456   1    503    784    290
  1457   1    460    287    663
  1458   1     89    491    786
  1459   1    239    786    491
  1460   1    509    506    787
  1461   1    239    787    506
  1462   1     87    374    788
  1463   1    373    788    374
  1464   1    758    789    156
  1465   1     65    789     66
  1466   1    591    790     19
  1467   1    790    541    173
  1468   1    256    791    558
  1469   1    368    106    791
  1470   1    155    225    792
  1471   1    116    792    225
  1472   1    116    793    564
  1473   1    222    154    793
  1474   1    795    130    324
  1475   1    154    794    564
  1476   1    564    795    155
  1477   1    130    795    794
  1478   1     39    796     38
  1479   1    151    796    573
  1480   1    633    797    252
  1481   1    797    182    798
  1482   1    581    798     77
  1483   1    599    798    182
  1484   1     46    799    262
  1485   1    583    799     45
  1486   1     43    800    176
  1487   1     41    800     42
  1488   1    189    208    801
  1489   1    122    801    208
  1490   1     48    802    190
  1491   1     49    802    586
  1492   1     72    803    191
  1493   1     74    803     73
  1494   1    668    804    291
  1495   1    804    193    811
  1496   1    805    197    806
  1497   1     78    295    805
  1498   1    590    806     77
  1499   1    197    298    806
  1500   1    833    648    270
  1501   1    249    808    593
  1502   1    631    808    250
  1503   1    595    809     80
  1504   1    650    809    203
  1505   1    654    810    119
  1506   1    211    810    276
  1507   1    811    193    813
  1508   1    605    811    212
  1509   1    606    812    607
  1510   1    608    813     91
  1511   1    193    336    813
  1512   1    215    610    814
  1513   1      1    814    610
  1514   1    226    613    815
  1515   1    183    815    613
  1516   1    619    816    620
  1517   1    232    618    834
  1518   1    621    817    118
  1519   1    194    817    622
  1520   1    145    818    434
  1521   1    185    818    642
  1522   1     84    658    819
  1523   1    288    819    658
  1524   1    820    282    821
  1525   1    527    820    281
  1526   1     84    821    658
  1527   1    820    821    664
  1528   1    746    822    395
  1529   1    679    822    311
  1530   1    697    823    340
  1531   1    699    823    341
  1532   1    824    393    828
  1533   1    702    824    345
  1534   1    825    312    822
  1535   1    825    107    721
  1536   1    724    359    826
  1537   1    390    740    827
  1538   1    103    827    740
  1539   1    828    392    827
  1540   1    828    743    345
  1541   1    399    829    407
  1542   1    752    829    749
  1543   1    830    762      2
  1544   1    830    340    428
  1545   1    525    831    447
  1546   1    469    832    468
  1547   1    162    832    775
  1548   1    833    198    648
  1549   1     93    833    807
  1550   1    232    834    816
  1551   1    144    834    618
    37   2   0.00000000e+00   2.00000000e+03
   514   3   0.00000000e+00   2.00000000e+03
   523   3   0.00000000e+00   2.00000000e+03
   559   1   0.00000000e+00   2.00000000e+03
   626   2   0.00000000e+00   2.00000000e+03
   722   1   0.00000000e+00   2.00000000e+03
   789   3   0.00000000e+00   2.00000000e+03
   790   2   0.00000000e+00   2.00000000e+03
   852   3   0.00000000e+00   2.00000000e+03
   853   1   0.00000000e+00   2.00000000e+03
   870   1   0.00000000e+00   2.00000000e+03
   873   2   0.00000000e+00   2.00000000e+03
   904   2   0.00000000e+00   2.00000000e+03
   916   3   0.00000000e+00   2.00000000e+03
   917   2   0.00000000e+00   2.00000000e+03
   920   3   0.00000000e+00   2.00000000e+03
   922   2   0.00000000e+00   2.00000000e+03
   924   3   0.00000000e+00   2.00000000e+03
   940   3   0.00000000e+00   2.00000000e+03
   941   1   0.00000000e+00   2.00000000e+03
  1131   2   0.00000000e+00   2.00000000e+03
  1133   3   0.00000000e+00   2.00000000e+03
  1139   2   0.00000000e+00   2.00000000e+03
  1140   1   0.00000000e+00   2.00000000e+03
  1222   3   0.00000000e+00   2.00000000e+03
  1229   2   0.00000000e+00   2.00000000e+03
  1231   3   0.00000000e+00   2.00000000e+03
  1296   3   0.00000000e+00   2.00000000e+03
  1301   3   0.00000000e+00   2.00000000e+03
  1373   2   0.00000000e+00   2.00000000e+03
  1378   2   0.00000000e+00   2.00000000e+03
  1379   3   0.00000000e+00   2.00000000e+03
  1414   2   0.00000000e+00   2.00000000e+03
  1450   1   0.00000000e+00   2.00000000e+03
  1533   3   0.00000000e+00   2.00000000e+03
  1538   3   0.00000000e+00   2.00000000e+03
  1540   2   0.00000000e+00   2.00000000e+03
  1543   2   0.00000000e+00   2.00000000e+03
0.333333 0.333333
