thisisthetitleforthefirstexample
   3 757 1405 35 2161 1 3 1
     1     0.00000000e+00     0.00000000e+00
     2     1.00000000e-01     0.00000000e+00
     3     1.00000000e-01     5.00000000e-02
     4     0.00000000e+00     5.00000000e-02
     5     0.00000000e+00     1.25000000e-02
     6     3.26388900e-03     1.33506900e-02
     7     6.38888900e-03     1.42361100e-02
     8     9.37500000e-03     1.51562500e-02
     9     1.22222200e-02     1.61111100e-02
    10     1.49305600e-02     1.71006900e-02
    11     1.75000000e-02     1.81250000e-02
    12     1.99305600e-02     1.91840300e-02
    13     2.22222200e-02     2.02777800e-02
    14     2.43750000e-02     2.14062500e-02
    15     2.63888900e-02     2.25694400e-02
    16     2.82638900e-02     2.37673600e-02
    17     3.00000000e-02     2.50000000e-02
    18     0.00000000e+00     3.75000000e-02
    19     3.26388900e-03     3.66493100e-02
    20     6.38888900e-03     3.57638900e-02
    21     9.37500000e-03     3.48437500e-02
    22     1.22222200e-02     3.38888900e-02
    23     1.49305600e-02     3.28993100e-02
    24     1.75000000e-02     3.18750000e-02
    25     1.99305600e-02     3.08159700e-02
    26     2.22222200e-02     2.97222200e-02
    27     2.43750000e-02     2.85937500e-02
    28     2.63888900e-02     2.74305600e-02
    29     2.82638900e-02     2.62326400e-02
    30     3.23529400e-02     2.27854700e-02
    31     3.47058800e-02     2.08477500e-02
    32     3.70588200e-02     1.91868500e-02
    33     3.94117600e-02     1.78027700e-02
    34     4.17647100e-02     1.66955000e-02
    35     4.41176500e-02     1.58650500e-02
    36     4.64705900e-02     1.53114200e-02
    37     4.88235300e-02     1.50346000e-02
    38     5.11764700e-02     1.50346000e-02
    39     5.35294100e-02     1.53114200e-02
    40     5.58823500e-02     1.58650500e-02
    41     5.82352900e-02     1.66955000e-02
    42     6.05882400e-02     1.78027700e-02
    43     6.29411800e-02     1.91868500e-02
    44     6.52941200e-02     2.08477500e-02
    45     6.76470600e-02     2.27854700e-02
    46     7.00000000e-02     2.50000000e-02
    47     3.33333300e-02     2.46180600e-02
    48     3.66666700e-02     2.43055600e-02
    49     4.00000000e-02     2.40625000e-02
    50     4.33333300e-02     2.38888900e-02
    51     4.66666700e-02     2.37847200e-02
    52     5.00000000e-02     2.37500000e-02
    53     5.33333300e-02     2.37847200e-02
    54     5.66666700e-02     2.38888900e-02
    55     6.00000000e-02     2.40625000e-02
    56     6.33333300e-02     2.43055600e-02
    57     6.66666700e-02     2.46180600e-02
    58     3.22222200e-02     2.73611100e-02
    59     3.44444400e-02     2.94444400e-02
    60     3.66666700e-02     3.12500000e-02
    61     3.88888900e-02     3.27777800e-02
    62     4.11111100e-02     3.40277800e-02
    63     4.33333300e-02     3.50000000e-02
    64     4.55555600e-02     3.56944400e-02
    65     4.77777800e-02     3.61111100e-02
    66     5.00000000e-02     3.62500000e-02
    67     5.22222200e-02     3.61111100e-02
    68     5.44444400e-02     3.56944400e-02
    69     5.66666700e-02     3.50000000e-02
    70     5.88888900e-02     3.40277800e-02
    71     6.11111100e-02     3.27777800e-02
    72     6.33333300e-02     3.12500000e-02
    73     6.55555600e-02     2.94444400e-02
    74     6.77777800e-02     2.73611100e-02
    75     7.33333300e-02     2.40123500e-02
    76     7.66666700e-02     2.32716000e-02
    77     8.00000000e-02     2.27777800e-02
    78     8.33333300e-02     2.25308600e-02
    79     8.66666700e-02     2.25308600e-02
    80     9.00000000e-02     2.27777800e-02
    81     9.33333300e-02     2.32716000e-02
    82     9.66666700e-02     2.40123500e-02
    83     1.00000000e-01     2.50000000e-02
    84     5.00000000e-02     0.00000000e+00
    85     1.00000000e-01     9.37500000e-03
    86     5.00000000e-02     5.00000000e-02
    87     0.00000000e+00     2.18750000e-02
    88     7.50000000e-02     0.00000000e+00
    89     2.50000000e-02     0.00000000e+00
    90     7.50000000e-02     5.00000000e-02
    91     1.00000000e-01     1.71875000e-02
    92     2.50000000e-02     5.00000000e-02
    93     0.00000000e+00     2.96875000e-02
    94     2.85541561e-02     1.08160201e-02
    95     3.75000000e-02     5.00000000e-02
    96     6.25000000e-02     0.00000000e+00
    97     8.75000000e-02     5.00000000e-02
    98     6.25000000e-02     5.00000000e-02
    99     3.75000000e-02     0.00000000e+00
   100     2.85294601e-02     3.91368674e-02
   101     1.25000000e-02     0.00000000e+00
   102     1.25000000e-02     5.00000000e-02
   103     8.43750000e-02     0.00000000e+00
   104     7.07058489e-02     1.06840248e-02
   105     5.67470903e-02     6.91304525e-03
   106     7.79164122e-02     3.67656919e-02
   107     1.00000000e-01     4.06250000e-02
   108     4.32529097e-02     6.91304525e-03
   109     6.81292918e-02     4.06059733e-02
   110     5.15451417e-02     4.31250000e-02
   111     1.95589743e-02     9.22532386e-03
   112     3.89737901e-02     4.19388823e-02
   113     1.95539893e-02     4.07621715e-02
   114     8.91442450e-02     1.17073300e-02
   115     8.99631463e-02     3.45235963e-02
   116     1.05093329e-02     2.50000000e-02
   117     5.00000000e-02     8.25641525e-03
   118     6.07188471e-02     4.12363378e-02
   119     4.77928609e-02     2.98964775e-02
   120     2.83471463e-02     1.68540412e-02
   121     2.83342866e-02     3.31236942e-02
   122     6.23197283e-02     1.10697096e-02
   123     3.76802717e-02     1.10697096e-02
   124     4.55566420e-02     4.18228711e-02
   125     5.38056126e-02     2.97473488e-02
   126     1.01268079e-02     7.41097199e-03
   127     6.25000000e-03     5.00000000e-02
   128     8.10502918e-02     1.43335058e-02
   129     1.01268079e-02     4.25890280e-02
   130     1.85615873e-02     2.50000000e-02
   131     3.43495019e-02     3.70004641e-02
   132     7.14800958e-02     3.35370989e-02
   133     8.22299965e-02     3.02590898e-02
   134     6.09839069e-03     2.04843097e-02
   135     4.24695145e-02     2.90125365e-02
   136     6.73594099e-02     1.54248101e-02
   137     1.00000000e-01     3.28125000e-02
   138     2.33145542e-02     1.50414318e-02
   139     2.33127391e-02     3.49547651e-02
   140     0.00000000e+00     6.25000000e-03
   141     0.00000000e+00     4.21875000e-02
   142     6.13486355e-03     2.96340549e-02
   143     4.81574539e-02     1.95113031e-02
   144     6.51263636e-02     3.62380885e-02
   145     7.36217784e-02     1.74400429e-02
   146     5.57077153e-02     1.13304125e-02
   147     4.42922847e-02     1.13304125e-02
   148     5.40695155e-02     3.98290622e-02
   149     9.25574535e-02     1.70117865e-02
   150     9.36957859e-02     2.95108770e-02
   151     5.37723027e-02     1.95559595e-02
   152     1.52604676e-02     1.19968186e-02
   153     1.52583258e-02     3.79973195e-02
   154     1.44572766e-02     2.20227250e-02
   155     1.44572766e-02     2.79772750e-02
   156     5.08746323e-02     3.23969457e-02
   157     7.62584760e-02     2.93050577e-02
   158     8.79148921e-02     2.83031462e-02
   159     4.06343769e-02     3.81432503e-02
   160     3.31897249e-02     1.62027505e-02
   161     5.98163057e-02     2.85143868e-02
   162     4.86661526e-02     3.97443209e-02
   163     2.91456832e-02     2.03208186e-02
   164     2.91395497e-02     2.96695812e-02
   165     4.41969363e-02     1.98382486e-02
   166     2.36421734e-02     2.50000000e-02
   167     5.92081406e-02     3.77832898e-02
   168     8.50000000e-02     1.76500765e-02
   169     5.00000000e-02     1.17476059e-02
   170     4.53959964e-02     3.23022252e-02
   171     6.01576440e-03     9.59562028e-03
   172     6.01576440e-03     4.04043797e-02
   173     3.32313310e-02     3.32078063e-02
   174     6.35616220e-02     1.54400544e-02
   175     3.91869555e-02     1.42714144e-02
   176     5.65325110e-02     3.16675571e-02
   177     2.47501033e-02     1.80730040e-02
   178     2.47492982e-02     3.19254601e-02
   179     7.18686812e-02     2.89850629e-02
   180     7.77373650e-02     1.90018379e-02
   181     6.25000000e-03     0.00000000e+00
   182     6.87434858e-02     1.90566718e-02
   183     1.99738676e-02     1.57659540e-02
   184     1.99731837e-02     3.42324762e-02
   185     5.80360614e-02     1.35114264e-02
   186     3.76432228e-02     2.77777800e-02
   187     6.65319900e-02     3.29165088e-02
   188     5.62500000e-02     5.00000000e-02
   189     9.58580748e-02     1.97806789e-02
   190     5.65823936e-02     4.43683705e-02
   191     8.19348020e-02     2.62740713e-02
   192     1.18073543e-02     1.26257867e-02
   193     1.18066306e-02     3.73720553e-02
   194     8.85930629e-02     1.91480876e-02
   195     1.00000000e-01     2.89062500e-02
   196     9.11702538e-02     2.63755105e-02
   197     8.14225935e-02     1.93594442e-02
   198     5.89734014e-02     1.01774445e-02
   199     6.19432098e-02     5.76067499e-03
   200     6.87500000e-02     0.00000000e+00
   201     5.16338338e-02     2.69193507e-02
   202     1.00000000e-01     2.10937500e-02
   203     0.00000000e+00     9.37500000e-03
   204     3.06923032e-03     7.81250000e-03
   205     3.38888804e-03     3.38888804e-03
   206     6.28681105e-03     5.82165237e-03
   207     4.11556678e-02     3.13482615e-02
   208     6.56321607e-02     1.78717447e-02
   209     6.27935463e-02     2.83153426e-02
   210     6.10175121e-03     4.52029498e-02
   211     9.63412568e-03     3.16773603e-03
   212     1.45620171e-02     4.74577910e-03
   213     1.87500000e-02     0.00000000e+00
   214     4.50932351e-02     2.68202395e-02
   215     6.35738271e-02     3.39798591e-02
   216     6.20784860e-02     3.66707091e-02
   217     6.40700750e-02     3.97490657e-02
   218     6.44159895e-02     4.50477541e-02
   219     6.87500000e-02     5.00000000e-02
   220     2.09965934e-02     1.24176051e-02
   221     2.42296745e-02     9.04176108e-03
   222     3.12500000e-02     0.00000000e+00
   223     2.84003242e-02     5.03370471e-03
   224     2.17078499e-02     4.38875599e-03
   225     3.43750000e-02     5.09260192e-03
   226     2.09978028e-02     3.75765583e-02
   227     2.42245242e-02     4.09589992e-02
   228     3.12500000e-02     5.00000000e-02
   229     2.84436519e-02     4.49305864e-02
   230     1.87500000e-02     5.00000000e-02
   231     2.16894451e-02     4.56019259e-02
   232     1.56250000e-02     4.50741234e-02
   233     7.43606554e-02     2.07649544e-02
   234     6.86850864e-02     3.57858627e-02
   235     7.30770507e-02     3.83833225e-02
   236     7.75161899e-02     4.36159912e-02
   237     8.48636191e-02     4.06084169e-02
   238     1.29971059e-02     9.36417566e-03
   239     1.29981047e-02     4.06346312e-02
   240     3.41733675e-02     4.50701874e-02
   241     7.10660649e-02     2.15088956e-02
   242     5.49117814e-02     2.66597139e-02
   243     2.35367291e-03     3.98437500e-02
   244     3.31431603e-03     4.31621542e-02
   245     0.00000000e+00     4.60937500e-02
   246     3.90625000e-03     5.00000000e-02
   247     5.07812500e-03     4.76354000e-02
   248     2.27909113e-03     4.77209089e-02
   249     8.80603137e-02     1.53678302e-02
   250     8.49103544e-02     1.24443434e-02
   251     7.96081005e-02     6.49857463e-03
   252     8.59981737e-02     6.16385836e-03
   253     9.21875000e-02     0.00000000e+00
   254     4.83627295e-02     2.65894053e-02
   255     9.22678893e-02     6.27010031e-03
   256     5.51685545e-02     1.36218577e-02
   257     5.28783308e-02     1.18738315e-02
   258     5.37025309e-02     8.52764454e-03
   259     5.62500000e-02     0.00000000e+00
   260     5.31034219e-02     3.72016123e-03
   261     4.48314455e-02     1.36218577e-02
   262     4.19117358e-02     1.30996917e-02
   263     4.71216692e-02     1.18738315e-02
   264     4.62974691e-02     8.52764454e-03
   265     4.37500000e-02     0.00000000e+00
   266     4.68965781e-02     3.72016123e-03
   267     4.12449954e-02     9.71645557e-03
   268     3.88404800e-02     5.87346637e-03
   269     9.20778398e-02     2.02492225e-02
   270     3.57660803e-02     1.39258711e-02
   271     3.31407317e-02     1.00968463e-02
   272     3.70088260e-02     1.64098177e-02
   273     8.50000000e-02     2.52864192e-02
   274     3.98780352e-02     2.90922102e-02
   275     4.10985461e-02     2.66054724e-02
   276     7.87384698e-02     2.57593871e-02
   277     7.56405552e-02     2.62327152e-02
   278     9.24305452e-02     4.17707578e-02
   279     1.62684380e-02     8.84097505e-03
   280     1.82950754e-02     5.76812243e-03
   281     8.14265034e-02     1.02140567e-02
   282     7.61256998e-02     1.18068604e-02
   283     7.43300250e-02     6.83241730e-03
   284     6.90242484e-02     5.47082941e-03
   285     3.07340376e-02     3.60052325e-02
   286     9.44041048e-02     2.63234750e-02
   287     9.67822727e-02     2.85243663e-02
   288     9.62743516e-02     3.22568248e-02
   289     1.00000000e-01     3.67187500e-02
   290     9.58329216e-02     3.86718750e-02
   291     7.23878048e-02     4.34673530e-02
   292     1.62672773e-02     4.11491879e-02
   293     8.80542155e-02     2.52519150e-02
   294     3.19865426e-02     1.99431327e-02
   295     1.43457430e-02     1.45002901e-02
   296     1.73724896e-02     1.41873624e-02
   297     1.43445795e-02     3.54965256e-02
   298     1.73707978e-02     3.58081289e-02
   299     8.12500000e-02     5.00000000e-02
   300     1.82080888e-02     4.34818017e-02
   301     1.84369574e-02     4.67443999e-02
   302     1.56250000e-02     5.00000000e-02
   303     1.40625000e-02     4.75370617e-02
   304     1.00295520e-02     4.67056379e-02
   305     1.25183359e-02     4.48303386e-02
   306     9.37500000e-03     5.00000000e-02
   307     7.67591654e-03     4.78206428e-02
   308     6.54489142e-02     1.25421314e-02
   309     6.55926867e-02     8.17530778e-03
   310     9.63072000e-02     1.58936282e-02
   311     9.33320693e-02     1.27629911e-02
   312     1.00000000e-01     1.32812500e-02
   313     9.67976989e-02     1.13281250e-02
   314     1.00000000e-01     4.68750000e-03
   315     9.64207517e-02     7.10831656e-03
   316     9.60937500e-02     0.00000000e+00
   317     9.41406250e-02     3.11052438e-03
   318     9.06151851e-02     3.15572422e-03
   319     8.82812500e-02     0.00000000e+00
   320     6.50318403e-02     2.67827837e-02
   321     8.42175718e-02     2.81084154e-02
   322     7.99489089e-02     2.84246212e-02
   323     9.29162917e-02     3.28265236e-02
   324     9.30200582e-02     3.64250725e-02
   325     8.94615252e-02     3.87379915e-02
   326     8.57322054e-02     3.61570564e-02
   327     8.99489073e-02     3.10808378e-02
   328     8.59620462e-02     3.18667212e-02
   329     8.84092597e-02     4.27378292e-02
   330     8.41931272e-02     4.57414318e-02
   331     9.37500000e-02     5.00000000e-02
   332     9.13598587e-02     4.61628289e-02
   333     1.00000000e-01     4.53125000e-02
   334     9.55943967e-02     4.48685724e-02
   335     1.79770745e-02     1.14910199e-02
   336     1.79714184e-02     3.85015175e-02
   337     8.19226425e-02     3.77241260e-02
   338     8.09879175e-02     4.16187550e-02
   339     8.07112793e-02     3.39354058e-02
   340     7.95211974e-02     3.12919175e-02
   341     7.76614224e-02     3.37188044e-02
   342     7.48007303e-02     3.54923253e-02
   343     7.47488583e-02     3.22147448e-02
   344     5.73705808e-02     4.06442119e-02
   345     3.27886042e-02     1.31528204e-02
   346     3.05624662e-02     1.49969399e-02
   347     2.76802328e-02     1.38086173e-02
   348     2.57032600e-02     1.16073813e-02
   349     9.39911174e-02     9.45209124e-03
   350     3.09786561e-02     1.75552150e-02
   351     4.37500000e-02     5.00000000e-02
   352     3.46640997e-02     1.82914466e-02
   353     3.61596396e-03     4.56275733e-02
   354     8.91378024e-02     5.93543389e-03
   355     8.77697577e-02     8.82291259e-03
   356     8.45020394e-02     9.08033413e-03
   357     9.08833277e-02     9.10892434e-03
   358     8.28050533e-02     6.36779884e-03
   359     7.96875000e-02     0.00000000e+00
   360     8.10770494e-02     3.26674986e-03
   361     7.70872390e-02     3.40302687e-03
   362     8.42277146e-02     3.54307230e-03
   363     8.74146419e-02     3.23713400e-03
   364     7.34433056e-02     3.29641019e-03
   365     9.60892471e-02     3.54668003e-02
   366     3.18118841e-02     3.00256516e-02
   367     3.18230830e-02     3.91136839e-02
   368     3.53192674e-02     4.07266638e-02
   369     3.01969222e-02     4.20590584e-02
   370     2.70951955e-02     4.21362472e-02
   371     2.50259048e-02     4.48573489e-02
   372     2.81250000e-02     5.00000000e-02
   373     2.65625000e-02     4.74364799e-02
   374     2.37615496e-02     4.74872054e-02
   375     2.18750000e-02     5.00000000e-02
   376     2.96875000e-02     4.75534936e-02
   377     3.13041222e-02     4.51804654e-02
   378     3.43750000e-02     5.00000000e-02
   379     3.28336275e-02     4.75940134e-02
   380     3.59375000e-02     4.74670630e-02
   381     4.05222374e-02     4.63872635e-02
   382     3.72993059e-02     4.46171052e-02
   383     8.07062038e-02     4.51450727e-02
   384     7.81250000e-02     5.00000000e-02
   385     7.65625000e-02     4.69279737e-02
   386     7.29579122e-02     4.70279753e-02
   387     6.89661540e-02     4.58411615e-02
   388     7.96875000e-02     4.77170955e-02
   389     8.23187604e-02     4.75923357e-02
   390     8.43750000e-02     5.00000000e-02
   391     5.37859888e-02     3.26715626e-02
   392     2.40263478e-02     3.79177462e-02
   393     2.64531147e-02     3.57658562e-02
   394     5.77653374e-02     2.65258631e-02
   395     5.64481283e-02     2.89286800e-02
   396     2.08339013e-02     4.30884262e-02
   397     2.18835641e-02     4.09956657e-02
   398     9.73275635e-02     2.94317627e-03
   399     7.18750000e-02     0.00000000e+00
   400     7.03125000e-02     2.66396173e-03
   401     6.11405323e-02     3.04405299e-02
   402     5.89771346e-02     3.15821064e-02
   403     6.84386325e-02     1.26351252e-02
   404     7.17816664e-02     1.42269704e-02
   405     6.79691570e-02     9.79676072e-03
   406     7.00590472e-02     8.01484973e-03
   407     7.17566236e-02     5.84188199e-03
   408     7.25802545e-02     8.81685889e-03
   409     7.33669655e-02     1.14810398e-02
   410     7.51730734e-02     9.33941660e-03
   411     7.83333296e-02     9.53692646e-03
   412     7.89566601e-02     1.23516330e-02
   413     7.68999567e-02     1.54114221e-02
   414     3.03804814e-02     1.25115495e-02
   415     4.46831381e-02     4.59180233e-02
   416     4.81086195e-02     4.45079490e-02
   417     5.09478041e-02     4.66018833e-02
   418     5.31250000e-02     5.00000000e-02
   419     5.46875000e-02     4.70821530e-02
   420     4.68750000e-02     5.00000000e-02
   421     4.84375000e-02     4.77329476e-02
   422     7.18750000e-02     5.00000000e-02
   423     8.59375000e-02     4.78001018e-02
   424     8.87848858e-02     4.74325570e-02
   425     9.06250000e-02     5.00000000e-02
   426     8.69604222e-02     4.51649845e-02
   427     8.51182422e-02     4.32519750e-02
   428     4.34399414e-02     3.10957844e-02
   429     6.11662340e-02     2.63403545e-02
   430     4.17679636e-02     3.33187399e-03
   431     6.54358915e-02     4.44706132e-03
   432     6.74973666e-02     2.52491948e-03
   433     6.56250000e-02     0.00000000e+00
   434     7.78609664e-02     4.01992935e-02
   435     7.50071994e-02     4.16370664e-02
   436     5.62857567e-02     3.79457193e-02
   437     4.22896396e-02     4.32667493e-02
   438     4.29041115e-02     4.02390956e-02
   439     4.37189819e-02     3.76687248e-02
   440     6.40625000e-02     2.16110718e-03
   441     6.09605362e-02     2.75845061e-03
   442     5.93750000e-02     0.00000000e+00
   443     5.90582137e-02     5.04304379e-03
   444     5.61950101e-02     3.86758026e-03
   445     5.99475564e-02     7.62563520e-03
   446     6.25283428e-02     8.38704589e-03
   447     2.15005031e-03     1.09375000e-02
   448     4.45463414e-03     1.13374381e-02
   449     3.73774095e-02     3.82017267e-02
   450     3.87321781e-02     3.56566834e-02
   451     6.78026980e-02     7.45017007e-03
   452     4.60941367e-02     4.77898326e-02
   453     8.31840159e-02     4.21042349e-02
   454     2.32309553e-02     1.13213770e-02
   455     2.19040683e-02     9.38147483e-03
   456     2.08901491e-02     6.92110758e-03
   457     2.35713404e-02     6.38867467e-03
   458     2.48574108e-02     3.32219214e-03
   459     2.63758010e-02     7.10100108e-03
   460     2.92634584e-02     7.90394596e-03
   461     3.13813630e-02     5.70215249e-03
   462     2.81250000e-02     0.00000000e+00
   463     3.23548410e-02     2.82713667e-03
   464     3.43750000e-02     0.00000000e+00
   465     3.59375000e-02     2.54630096e-03
   466     3.88970910e-02     2.60985726e-03
   467     4.06250000e-02     0.00000000e+00
   468     2.18750000e-02     0.00000000e+00
   469     3.33027384e-02     7.48246953e-03
   470     3.62758592e-02     7.38093975e-03
   471     3.86999868e-02     8.56974359e-03
   472     3.13856347e-02     8.67587915e-03
   473     2.03125000e-02     2.13805169e-03
   474     8.93263158e-02     4.49312495e-02
   475     9.13766883e-02     4.38403916e-02
   476     1.71089237e-02     2.77257124e-03
   477     1.56250000e-02     0.00000000e+00
   478     1.40625000e-02     2.14195919e-03
   479     1.21281363e-02     3.86287141e-03
   480     1.25670981e-02     6.44895176e-03
   481     1.48033384e-02     7.04834423e-03
   482     1.04035939e-02     5.22861371e-03
   483     2.59771984e-02     1.57772978e-02
   484     3.84096422e-02     4.76904661e-02
   485     4.06250000e-02     5.00000000e-02
   486     1.42326250e-02     4.29010794e-02
   487     8.50000000e-02     2.03750321e-02
   488     7.30385548e-02     2.66275809e-02
   489     7.41015547e-02     2.86240917e-02
   490     7.70023587e-02     7.19190694e-03
   491     5.38781698e-02     4.44985955e-02
   492     5.51232521e-02     4.22109287e-02
   493     5.83684150e-02     2.41347965e-03
   494     7.59003064e-02     5.27182743e-03
   495     4.81304711e-02     3.26297218e-02
   496     2.20935010e-02     1.74753166e-02
   497     2.20913856e-02     3.25202985e-02
   498     3.51996662e-02     2.65915875e-02
   499     1.03075886e-02     1.02309100e-02
   500     8.57302251e-03     1.24534391e-02
   501     8.30522218e-03     8.94351398e-03
   502     1.03076434e-02     3.97683246e-02
   503     8.57292758e-03     3.75462529e-02
   504     8.30542178e-03     4.10561104e-02
   505     7.83413734e-03     4.34646109e-02
   506     6.30775207e-03     3.80926117e-02
   507     7.49195385e-02     4.46615813e-02
   508     2.60654774e-02     3.93119543e-02
   509     7.03125000e-02     4.79961738e-02
   510     7.25427685e-02     4.08996255e-02
   511     7.04434050e-02     3.91389982e-02
   512     7.02497351e-02     4.20497796e-02
   513     7.11491194e-02     3.66313537e-02
   514     6.82090460e-02     3.81730707e-02
   515     6.03589694e-02     4.63248857e-02
   516     5.76151221e-02     4.73916995e-02
   517     5.93750000e-02     5.00000000e-02
   518     0.00000000e+00     4.41406250e-02
   519     5.15184840e-02     1.00020106e-02
   520     4.84815160e-02     1.00020106e-02
   521     7.55314994e-02     3.91266849e-02
   522     2.51070943e-02     1.37405022e-02
   523     5.13825840e-02     3.88461883e-02
   524     5.05941689e-02     4.10186350e-02
   525     3.00981005e-02     2.24005669e-02
   526     3.00089464e-02     2.76180570e-02
   527     3.45687729e-02     3.15617223e-02
   528     2.70610488e-02     1.89756368e-02
   529     2.65537278e-02     3.00371720e-02
   530     7.01449252e-02     2.73627052e-02
   531     7.83333350e-02     2.30246900e-02
   532     6.64705900e-02     2.18166100e-02
   533     6.10360601e-02     1.37961046e-02
   534     3.83333350e-02     2.41840300e-02
   535     3.89653016e-02     2.13617284e-02
   536     6.88885719e-02     3.05275861e-02
   537     9.50000000e-02     2.36419750e-02
   538     8.16666650e-02     2.26543200e-02
   539     8.83333350e-02     2.26543200e-02
   540     9.16666650e-02     2.30246900e-02
   541     7.97961283e-02     1.69531678e-02
   542     8.24877746e-02     1.66317474e-02
   543     8.45900193e-02     1.50534982e-02
   544     5.68129431e-02     9.25950237e-03
   545     5.16666650e-02     2.37673600e-02
   546     5.08635795e-02     2.08547827e-02
   547     5.10343174e-02     2.96276676e-02
   548     1.00000000e-01     2.30468750e-02
   549     9.81273469e-02     2.44451417e-02
   550     9.67932027e-02     2.62665972e-02
   551     1.00000000e-01     1.91406250e-02
   552     2.29717184e-03     5.53335426e-03
   553     0.00000000e+00     3.12500000e-03
   554     3.12500000e-03     0.00000000e+00
   555     5.18680543e-03     7.63936714e-03
   556     6.26026753e-03     2.91087764e-03
   557     9.37500000e-03     0.00000000e+00
   558     6.13012954e-02     3.89245264e-02
   559     6.00965640e-02     3.58164418e-02
   560     6.37862230e-02     3.77492855e-02
   561     6.32684489e-02     4.24620337e-02
   562     6.61549741e-02     4.27284952e-02
   563     6.10478310e-02     4.38166043e-02
   564     5.88739057e-02     4.45683020e-02
   565     6.67685486e-02     4.50001308e-02
   566     6.56250000e-02     5.00000000e-02
   567     6.70011442e-02     4.76840375e-02
   568     6.40625000e-02     4.77577559e-02
   569     6.18780945e-02     4.79010939e-02
   570     2.14217221e-02     1.43778233e-02
   571     2.14214621e-02     3.56177385e-02
   572     7.50000000e-02     2.36419750e-02
   573     7.54697180e-02     1.87739394e-02
   574     6.67742341e-02     3.49772281e-02
   575     6.89955585e-02     3.33103980e-02
   576     1.33576277e-02     1.13434856e-02
   577     1.33567433e-02     3.86548107e-02
   578     7.16666650e-02     2.45061750e-02
   579     7.13904983e-02     1.88756083e-02
   580     0.00000000e+00     3.98437500e-02
   581     1.92433551e-03     4.17662888e-02
   582     4.02647297e-03     4.11577421e-02
   583     8.72064661e-02     1.74158311e-02
   584     9.00048706e-02     1.70214538e-02
   585     9.07502403e-02     1.41747963e-02
   586     8.72099847e-02     1.31252999e-02
   587     8.66294982e-02     1.08621652e-02
   588     4.68212905e-02     2.80264228e-02
   589     4.47985367e-02     2.91952700e-02
   590     5.43177262e-02     6.00990670e-03
   591     5.15695296e-02     6.00047866e-03
   592     5.00000000e-02     3.28865182e-03
   593     4.87636564e-02     5.77253353e-03
   594     4.63497261e-02     6.09308466e-03
   595     4.42688230e-02     4.36405615e-03
   596     4.68750000e-02     0.00000000e+00
   597     4.50952809e-02     2.05293396e-03
   598     5.31250000e-02     0.00000000e+00
   599     3.98302458e-02     1.20133237e-02
   600     4.40689875e-02     9.05199039e-03
   601     4.08329359e-02     7.30054277e-03
   602     9.38240214e-02     1.88536681e-02
   603     3.75802024e-02     1.30721671e-02
   604     3.52165939e-02     1.14880833e-02
   605     4.31340822e-02     2.60024882e-02
   606     1.80559718e-02     7.81516654e-03
   607     8.24905231e-02     1.23881325e-02
   608     3.07765560e-02     3.35297952e-02
   609     3.28505152e-02     3.53812417e-02
   610     9.28079637e-02     2.76411772e-02
   611     9.56391904e-02     3.02696019e-02
   612     1.00000000e-01     3.08593750e-02
   613     1.00000000e-01     3.86718750e-02
   614     1.94095307e-02     1.37632158e-02
   615     1.79678563e-02     1.61389663e-02
   616     1.79689178e-02     3.38590904e-02
   617     1.94073593e-02     3.62348550e-02
   618     1.96579366e-02     4.50194226e-02
   619     1.71875000e-02     5.00000000e-02
   620     1.64062500e-02     4.78326034e-02
   621     1.18885894e-02     4.78850202e-02
   622     1.04358979e-02     4.46557841e-02
   623     6.54572189e-02     1.46110574e-02
   624     6.32429360e-02     1.31689905e-02
   625     6.45798710e-02     1.03277406e-02
   626     9.40242418e-02     1.50841934e-02
   627     9.58580392e-02     1.35362720e-02
   628     1.00000000e-01     1.52343750e-02
   629     1.00000000e-01     1.13281250e-02
   630     9.76508590e-02     9.12517367e-03
   631     1.00000000e-01     7.03125000e-03
   632     9.41406250e-02     0.00000000e+00
   633     9.45828515e-02     5.50742925e-03
   634     9.23641151e-02     2.05755601e-03
   635     9.23916950e-02     4.20869258e-03
   636     9.02343750e-02     0.00000000e+00
   637     8.61235547e-02     2.71174030e-02
   638     7.78433084e-02     2.77734151e-02
   639     9.20020850e-02     3.46536559e-02
   640     9.31513311e-02     3.91448970e-02
   641     9.06991915e-02     3.67482550e-02
   642     8.82012250e-02     3.65742550e-02
   643     8.68188785e-02     3.88283315e-02
   644     8.73508274e-02     3.40924447e-02
   645     8.82004159e-02     4.05445549e-02
   646     9.09357970e-02     3.27981648e-02
   647     9.03296219e-02     2.86684845e-02
   648     9.20659119e-02     3.08771518e-02
   649     8.44266399e-02     3.02953882e-02
   650     8.33352967e-02     3.28975962e-02
   651     8.27913070e-02     3.53583749e-02
   652     8.51765449e-02     3.40546351e-02
   653     8.77717184e-02     3.05415558e-02
   654     9.55362580e-02     4.17633951e-02
   655     1.00000000e-01     4.29687500e-02
   656     9.78929155e-02     4.41406250e-02
   657     9.68750000e-02     5.00000000e-02
   658     9.75662547e-02     4.71019819e-02
   659     9.48618915e-02     4.75024679e-02
   660     9.26576608e-02     4.80174239e-02
   661     9.35382061e-02     4.57155363e-02
   662     8.43440932e-02     3.81966195e-02
   663     8.01703774e-02     3.61963617e-02
   664     7.96489423e-02     3.85631802e-02
   665     7.71967333e-02     3.14366672e-02
   666     7.35180098e-02     3.38734253e-02
   667     7.24893486e-02     3.13306501e-02
   668     5.92418512e-02     3.98255321e-02
   669     9.47676758e-02     1.13277114e-02
   670     9.22661504e-02     1.08297725e-02
   671     8.25173750e-02     8.43486535e-03
   672     8.11583177e-02     5.25343865e-03
   673     8.20312500e-02     0.00000000e+00
   674     7.73437500e-02     0.00000000e+00
   675     7.91159674e-02     4.32513701e-03
   676     8.63281250e-02     0.00000000e+00
   677     7.53001546e-02     2.15751599e-03
   678     9.48058235e-02     3.37824664e-02
   679     9.79242470e-02     3.39622915e-02
   680     3.01679887e-02     3.79485468e-02
   681     3.39527941e-02     3.90930031e-02
   682     3.28062801e-02     4.15781079e-02
   683     2.51457908e-02     4.28011596e-02
   684     2.03125000e-02     4.82069072e-02
   685     3.54825432e-02     4.30926553e-02
   686     3.96222118e-02     4.42068636e-02
   687     7.96362350e-02     4.32851823e-02
   688     7.84844361e-02     4.56880984e-02
   689     7.47874086e-02     4.79584973e-02
   690     7.12470434e-02     4.54759579e-02
   691     5.21900498e-02     3.40212314e-02
   692     2.52317997e-02     3.40095479e-02
   693     2.86251147e-02     3.53215199e-02
   694     2.23656969e-02     3.90464760e-02
   695     9.80468750e-02     0.00000000e+00
   696     7.34375000e-02     0.00000000e+00
   697     7.04615813e-02     1.26930059e-02
   698     8.01759045e-02     8.52339982e-03
   699     7.88847271e-02     1.45244050e-02
   700     7.43206406e-02     1.49063596e-02
   701     4.27690824e-02     4.76281168e-02
   702     4.59128584e-02     4.40395889e-02
   703     4.79766853e-02     4.20780667e-02
   704     5.01740642e-02     4.46791990e-02
   705     5.15625000e-02     5.00000000e-02
   706     6.41649707e-02     6.36793152e-03
   707     4.10941937e-02     4.14479484e-02
   708     4.63246817e-02     3.83916290e-02
   709     3.90333883e-02     3.97038876e-02
   710     3.59685188e-02     3.44619759e-02
   711     8.26609373e-02     4.42079423e-02
   712     2.62530778e-02     4.95585132e-03
   713     2.74148626e-02     2.56322372e-03
   714     2.98676805e-02     3.01659601e-03
   715     2.66378823e-02     9.44349042e-03
   716     3.67297969e-02     4.78503524e-03
   717     4.21875000e-02     0.00000000e+00
   718     2.34375000e-02     1.59709323e-03
   719     1.89707060e-02     3.76797576e-03
   720     4.96407606e-02     3.41426570e-02
   721     4.18474925e-03     3.86385951e-02
   722     7.59396764e-02     3.71539633e-02
   723     7.66283024e-02     2.09928529e-02
   724     7.94477995e-02     2.05427881e-02
   725     6.89855219e-02     2.11534378e-02
   726     6.14811917e-02     1.58742153e-02
   727     5.96764919e-02     1.21738728e-02
   728     3.90278454e-02     2.61805342e-02
   729     6.69133686e-02     3.09359236e-02
   730     9.41118932e-02     2.11762333e-02
   731     8.30767529e-02     2.45678611e-02
   732     8.05384688e-02     2.47632912e-02
   733     9.00252086e-02     2.06804849e-02
   734     4.93051486e-02     2.84544367e-02
   735     9.75440506e-02     2.16516091e-02
   736     1.00000000e-01     2.69531250e-02
   737     9.76364025e-02     1.80166817e-02
   738     1.80732394e-03     1.80732394e-03
   739     8.04893678e-03     1.70294047e-03
   740     6.60079183e-02     4.06122157e-02
   741     5.87957204e-02     4.23482468e-02
   742     7.00017801e-02     1.64179753e-02
   743     4.84375000e-02     1.64432591e-03
   744     5.47389178e-02     1.91269623e-03
   745     5.17814180e-02     1.85235001e-03
   746     9.76877888e-02     3.72074307e-02
   747     9.77493663e-02     5.21629212e-03
   748     8.89825044e-02     1.92229786e-03
   749     9.75650962e-02     4.03980893e-02
   750     1.00000000e-01     4.76562500e-02
   751     8.27764388e-02     1.99039919e-03
   752     8.56892054e-02     2.01535519e-03
   753     3.26816771e-02     4.36405228e-02
   754     1.00000000e-01     2.34375000e-03
   755     5.26835381e-02     4.78863173e-02
   756     4.49185275e-02     3.98784583e-02
   757     6.59597987e-02     3.83560508e-02
3
4
86
90
92
95
97
98
102
127
188
219
228
230
246
299
302
306
331
351
372
375
378
384
390
418
420
422
425
485
517
566
619
657
705
       3      2.000000e+01
       4      2.000000e+01
      86      2.000000e+01
      90      2.000000e+01
      92      2.000000e+01
      95      2.000000e+01
      97      2.000000e+01
      98      2.000000e+01
     102      2.000000e+01
     127      2.000000e+01
     188      2.000000e+01
     219      2.000000e+01
     228      2.000000e+01
     230      2.000000e+01
     246      2.000000e+01
     299      2.000000e+01
     302      2.000000e+01
     306      2.000000e+01
     331      2.000000e+01
     351      2.000000e+01
     372      2.000000e+01
     375      2.000000e+01
     378      2.000000e+01
     384      2.000000e+01
     390      2.000000e+01
     418      2.000000e+01
     420      2.000000e+01
     422      2.000000e+01
     425      2.000000e+01
     485      2.000000e+01
     517      2.000000e+01
     566      2.000000e+01
     619      2.000000e+01
     657      2.000000e+01
     705      2.000000e+01
       0      0.000000e+00
  6.000000e-01   6.000000e-01   0.000000e+00
     1   1     37    169     38
     2   1      7      6    448
     3   0      8    134      7
     4   1    347    348     94
     5   1      6    447    448
     6   0      6      7    134
     7   1    206    555    552
     8   0      9    154    134
     9   0    154     10     11
    10   1    496    570    138
    11   0     13    130     12
    12   1     10    295    296
    13   1    177    496    138
    14   0    130    154     12
    15   1    123    470    471
    16   0     10    154      9
    17   1    576    295    192
    18   0     13     14    166
    19   1     13     12    496
    20   1    496    183    570
    21   0    534    535     49
    22   1    177     14     13
    23   1     30    525    294
    24   0     31     32    535
    25   1    352     32     31
    26   0    165     33     34
    27   0     15     28    166
    28   1     14    177    528
    29   0     30     31     47
    30   0     50    535    165
    31   1    605     50    214
    32   1    525     17     16
    33   1     15     14    528
    34   0    534     48    535
    35   0    165     35     36
    36   0     14     15    166
    37   1    713     89    462
    38   0     28     15     16
    39   1    226    392    694
    40   0    155     23     22
    41   0     26     25    130
    42   0     23    155     24
    43   1    497    139    571
    44   1    756    439    708
    45   0    155     22    142
    46   1    178    497     26
    47   1     67    148    523
    48   1    193    502    503
    49   0    142     20     19
    50   0    142     19     93
    51   1     22     23    297
    52   1    232    292    300
    53   0     21     20    142
    54   1     25    184    616
    55   1    164    529     28
    56   0     87      5      6
    57   1     17     58    526
    58   0     29     28     16
    59   1     58     47    498
    60   1     47     58     17
    61   0     48     47     31
    62   1    186    498     48
    63   0     17     30     47
    64   1    121    178    529
    65   1    226    571    392
    66   0    166     28     27
    67   1    164    526    366
    68   1     62    450     61
    69   1     60     59    186
    70   1     48    498     47
    71   1    162    708     65
    72   1     62     63    159
    73   1    274    135    207
    74   1    527     59     60
    75   1     60    186    274
    76   0    130    166     26
    77   0     17     29     16
    78   1     27    178     26
    79   1     62     61    207
    80   1     80    293    539
    81   0     36    143    165
    82   1    262    267    147
    83   0    151     38     39
    84   1    520    169    263
    85   1     37     36    263
    86   0     37    143     36
    87   1     33    175     34
    88   0     38    151    546
    89   1    495     64    170
    90   0     50    165     51
    91   0     53    151     54
    92   0    545     52    546
    93   1    309    451    405
    94   0     54    151     41
    95   0     40    151     39
    96   1    242     53     54
    97   1    361    494    677
    98   1    135    275    605
    99   0     55     42     43
   100   1    726     41    533
   101   1     40    256    185
   102   1    538    197     78
   103   1     78    487     79
   104   1    531     76    723
   105   1    256     40     39
   106   0     56     43     44
   107   0     45     57    532
   108   1     44     43    208
   109   1    287    550    736
   110   0     56    532     57
   111   1    531    732    276
   112   1    585    586    114
   113   1     79    194    539
   114   1    158    637    293
   115   1    430    108    601
   116   1     44    182    532
   117   1    672    358    251
   118   0     42     54     41
   119   1    628    737    310
   120   1    475    332    474
   121   1    428     63     62
   122   1     55    429    394
   123   1    391     69     68
   124   1    176     70     69
   125   1     56    320    429
   126   1     72    215     71
   127   0     42     55     54
   128   1    125    391    156
   129   1    124    438    756
   130   1     63    170     64
   131   1    495    170    119
   132   1    125    176    391
   133   1    162    523    524
   134   1    452    701    415
   135   1    691     66    720
   136   1     20     21    503
   137   1    215    187    574
   138   1    185     41     40
   139   1    209    320     73
   140   0     44    532     56
   141   1    488     75    277
   142   0     46     57     45
   143   1     46     45    725
   144   1     81    196    540
   145   0     55     43     56
   146   1     74     57     46
   147   1     71    401     72
   148   1    401    209     72
   149   1    452    416    421
   150   1    578    488    530
   151   1     76    531    276
   152   1     71    215    559
   153   1    649    133    321
   154   1     76    276    277
   155   1     74     73    320
   156   1    558    167    216
   157   1    202    735    551
   158   1     73     72    209
   159   1    338    434    664
   160   1    162     65     66
   161   1    184    617    616
   162   0     35    165     34
   163   1    530    536     74
   164   0    134    142     87
   165   1     82    286    537
   166   1    497    178    139
   167   0     19     18     93
   168   1    147    261    262
   169   1     31     30    294
   170   1    437    381    686
   171   1    100    369    370
   172   1    208    174    623
   173   1    511    512    109
   174   1     61    710     60
   175   1     35    261     36
   176   1    748    636    318
   177   1    501    500    171
   178   1    414    347     94
   179   1     19     20    506
   180   1    269    730    540
   181   1    725    182    579
   182   1    146    256    257
   183   1    441     96    440
   184   1     78    731    538
   185   1    291    507    386
   186   1    733    540     80
   187   1    196    158    293
   188   1    258    590    105
   189   1    435    434    236
   190   1     69     70    559
   191   1     68    148     67
   192   1    436    344    148
   193   1    295     10      9
   194   1    476    719    280
   195   1    285    367    680
   196   1    173    609    608
   197   1    232    300    301
   198   1     19    243     18
   199   1    538    724    197
   200   1    201    254     52
   201   1    641    115    639
   202   1    341    342    343
   203   0     22     21    142
   204   0     87      6    134
   205   1    264    594    593
   206   1    146    257    258
   207   1    118    217    561
   208   1    436    148     68
   209   1    214     51    254
   210   0    546     52    143
   211   1    270    160    345
   212   1     15    163     16
   213   1     28     29    164
   214   1    450    710     61
   215   1    445    446    198
   216   1    403    623    308
   217   1    160    270    272
   218   1    472    461    469
   219   1    755    705    417
   220   1    437    438    124
   221   1    391    691    156
   222   1    201    545     53
   223   1    203    447      5
   224   1    211    479    482
   225   1    172    504    505
   226   1    732    531     77
   227   1    607    412    281
   228   1    297    193     22
   229   1    247    307    127
   230   0    155     25     24
   231   0    134    154    116
   232   1    450    159    449
   233   1    376    377    379
   234   1    513    235    511
   235   1    514    574    234
   236   1    724    538     77
   237   1    641    642    115
   238   0      9    134      8
   239   0    134    116    142
   240   1    214     50     51
   241   1    495    119    156
   242   1     42    726     43
   243   1    241    233     75
   244   1     12     11    615
   245   1    657    331    659
   246   1    221    348    454
   247   1    139    393    392
   248   1    113    336    226
   249   1    499    126    238
   250   1    353    518    244
   251   0    142     93     87
   252   0    142    116    155
   253   0     38    143     37
   254   0     52     51    143
   255   1     73    729     72
   256   1    217    118    558
   257   1    403    697    742
   258   1    413    700    282
   259   1    169    257     38
   260   1    122    533    727
   261   1    175    262     34
   262   1    147    264    263
   263   1    436     69    167
   264   1    516    188    419
   265   1    310    602    626
   266   1    537     81    730
   267   1    287    150    286
   268   1    611    150    287
   269   0    151     40     41
   270   0     53    545    546
   271   1    192      9      8
   272   1    576    238    279
   273   1    292    239    577
   274   1     22    193     21
   275   0     12    154     11
   276   0    155    154    130
   277   0    154    155    116
   278   0     25    155    130
   279   1    720     65    495
   280   1    125    547    201
   281   1    133    340    322
   282   1    530     74     46
   283   1    150    323    648
   284   1    191    273    321
   285   1     63     64    439
   286   1    368    449    709
   287   1    160    346    345
   288   1    603    175    272
   289   1    402     70    176
   290   1    242    394    395
   291   1     66     67    523
   292   1    110    703    524
   293   1    346    160    350
   294   1    525     16    163
   295   1     29    526    164
   296   1    366     58     59
   297   0     51    165    143
   298   0     50     49    535
   299   0     26    166     27
   300   0     13    166    130
   301   1    215    216    559
   302   1    668    344    436
   303   1    249    583    543
   304   1    584    194    583
   305   1     36    261    263
   306   1    544    258    105
   307   1    428     62    207
   308   1    170    428    589
   309   1    447      6      5
   310   1    738    554    205
   311   1    305    232    303
   312   1    581    580    243
   313   1    608    609    285
   314   1    608    164    366
   315   1    533     41    185
   316   1    623    624    308
   317   1     33     32    272
   318   1    600    267    108
   319   1    395    125    242
   320   1    161    401    402
   321   1    120    483    347
   322   1    163    528    120
   323   1     27     28    529
   324   1    692    121    393
   325   1    489    343    667
   326   1    575    536    132
   327   1    699    282    412
   328   1    542    197    541
   329   1    403    742    136
   330   1    206    211    482
   331   1    233    241    579
   332   1    615     10    296
   333   1    220    614    335
   334   1    184    497    571
   335   1    298    153    297
   336   1    198    185    146
   337   1    533    122    624
   338   1    728     49    275
   339   1    274    275    135
   340   1     74    536    729
   341   1    234    575    132
   342   1    491    492    190
   343   1    189    602    310
   344   1    736    549     83
   345   1    561    563    118
   346   1    755    419    418
   347   1     78     79    273
   348   1    191    322    276
   349   1      8      7    500
   350   1    499    238    576
   351   1    502    577    239
   352   1    577    502    193
   353   1    584    583    249
   354   1    584    269    733
   355   1    286     81    537
   356   1    612    288    611
   357   1    648    610    150
   358   1    197    724    541
   359   1    487    197    168
   360   1    146    544    198
   361   1    105    443    445
   362   1    441    493    442
   363   1    400    432    200
   364   1    547    125    156
   365   1    364    407    400
   366   1    588    214    254
   367   1    140    552    204
   368   1    548    549    735
   369   1    204    203    140
   370   1    555    171    204
   371   1    140    553    552
   372   1    739    557    211
   373   1    556    206    205
   374   1    501    206    126
   375   1     61     60    274
   376   1    428    207    135
   377   1    174    208     43
   378   1    182    208    136
   379   1    429    209    161
   380   1    320     56     57
   381   1    353    210    247
   382   1    581    141    580
   383   1    211    206    556
   384   1    101    478    479
   385   1    457    455    456
   386   1    152    576    279
   387   1    478    476    212
   388   1     51     52    254
   389   1    589    428    135
   390   1    187    215     72
   391   1    216    215    144
   392   1    216    144    560
   393   1    559    216    167
   394   1    514    109    757
   395   1    569    218    568
   396   1    562    218    561
   397   1    183    615    614
   398   1    510    235    521
   399   1    387    567    565
   400   1    455    221    454
   401   1    606    111    279
   402   1    463    225    461
   403   1    457    459    221
   404   1    455    457    221
   405   1    464    465    463
   406   1    718    224    473
   407   1    224    458    457
   408   1    267    601    108
   409   1    123    603    604
   410   1    227    397    694
   411   1    298    336    153
   412   1    379    240    380
   413   1    373    374    371
   414   1    367    131    681
   415   1    396    231    618
   416   1    374    373     92
   417   1    227    370    683
   418   1    301    620    232
   419   1    375    684    374
   420   1    302    303    620
   421   1    129    502    239
   422   1     76    277    572
   423   1    573    233    145
   424   1    341    106    342
   425   1    234    513    514
   426   1    434    435    521
   427   1    511    235    510
   428   1    650    651    339
   429   1    338    453    711
   430   1    639    115    646
   431   1    396    300    113
   432   1    480    126    482
   433   1    279    111    335
   434   1    153    336    292
   435   1    305    486    232
   436   1    100    367    369
   437   1    378    380     95
   438   1    578     46    241
   439   1    241    725    579
   440   1    394    242     54
   441   1    201    242    125
   442   1    721    243     19
   443   1    505    244    582
   444   1    244    581    582
   445   1    246    247    127
   446   1    248      4    245
   447   1    353    247    248
   448   1    248    247    246
   449   1    621    306    304
   450   1      4    248    246
   451   1    117    258    519
   452   1    168    542    543
   453   1    670    585    114
   454   1    356    607    281
   455   1    356    250    607
   456   1    410    411    282
   457   1    672    362    358
   458   1    355    356    252
   459   1    311    670    669
   460   1    355    252    354
   461   1    252    363    354
   462   1    201    547    734
   463   1    633    398    747
   464   1    628    627    312
   465   1     39     38    257
   466   1    185    256    146
   467   1    257    256     39
   468   1    169    520    519
   469   1    169    519    257
   470   1    443    105    444
   471   1    594    595    266
   472   1    260    590    591
   473   1    598    745     84
   474   1     35     34    262
   475   1    263    261    147
   476   1    262    261     35
   477   1    175    603    599
   478   1    147    600    264
   479   1     37    263    169
   480   1    594    266    593
   481   1    520    117    519
   482   1     84    743    596
   483   1    591    117    593
   484   1    592    260    591
   485   1    175    599    262
   486   1    469    225    470
   487   1    465    225    463
   488   1    466    467    430
   489   1    540    733    269
   490   1    602    269    149
   491   1    175     33    272
   492   1    345    271    604
   493   1     94    715    460
   494   1    271    469    470
   495   1    272     32    352
   496   1    272    270    603
   497   1    293    273     79
   498   1    191    321    133
   499   1    274    207     61
   500   0    535     48     31
   501   1    728    274    186
   502   1    605     49     50
   503   1    322    191    133
   504   1    276    638    277
   505   1    488    489    179
   506   1     75    572    277
   507   1    656    654    749
   508   1    645    237    643
   509   1    481    238    480
   510   1    280    224    456
   511   1    280    606    481
   512   1    476    280    212
   513   1    411    412    282
   514   1    356    358    252
   515   1    699    412    128
   516   1    104    406    408
   517   1    104    405    406
   518   1    674    359    361
   519   1    403    405    104
   520   1    451    431    284
   521   1    285    609    367
   522   1    100    693    680
   523   1     82    549    550
   524   1    610    196    286
   525   1    550    286     82
   526   1    611    287    612
   527   1    749    613    107
   528   1    150    611    323
   529   1    746    679    289
   530   1    641    640    325
   531   1    365    290    324
   532   1    236    385    507
   533   1    291    386    690
   534   1    300    292    113
   535   1    486    292    232
   536   1     79    539    293
   537   1    293     80    196
   538   1    350    163    120
   539   1    294    350    352
   540   1    192    295      9
   541   1    296    295    152
   542   1    296    152    335
   543   1    614    615    296
   544   1     24    616     23
   545   1    297    153    577
   546   1     23    298    297
   547   1    298    616    617
   548   1    426    427    329
   549   1    688    388    385
   550   1    373    376    372
   551   1    618    301    300
   552   1    102    303    302
   553   1    230    619    620
   554   1    621    303    102
   555   1    621    305    303
   556   1    306    127    307
   557   1    505    304    210
   558   1    304    622    305
   559   1    486    129    239
   560   1    307    210    304
   561   1    210    307    247
   562   1    306    307    304
   563   1    624    625    308
   564   1    136    623    403
   565   1    446    122    198
   566   1    431    309    706
   567   1    585    149    584
   568   1    310    626    627
   569   1    114    355    357
   570   1    315    630    349
   571   1    313    629    312
   572   1    737    628     91
   573   1    255    635    633
   574   1    695    754    398
   575   1    629    630     85
   576   1    631    315    747
   577   1    317    632    316
   578   1    316    398    317
   579   1    635    255    354
   580   1    354    318    635
   581   1    320    209    429
   582   1    363    318    354
   583   1    318    636    634
   584   1     74    320     57
   585   1    273    637    321
   586   1    158    653    649
   587   1    340    133    339
   588   1    638    276    322
   589   1    639    678    324
   590   1    323    639    646
   591   1    678    288    679
   592   1    640    324    290
   593   1    645    278    329
   594   1    643    326    642
   595   1    651    662    337
   596   1    158    647    653
   597   1    642    326    644
   598   1    653    647    327
   599   1    644    327    115
   600   1    663    651    337
   601   1    655    656    749
   602   1    423    389    330
   603   1    426    474    424
   604   1    711    687    338
   605   1    334    659    661
   606   1     97    390    423
   607   1    332    425    424
   608   1    475    278    661
   609   1    334    278    654
   610   1    334    656    658
   611   1    279    335    152
   612   1    220    335    111
   613   1    336    298    617
   614   1    292    336    113
   615   1    337    237    453
   616   1    663    106    341
   617   1    453    237    427
   618   1    338    687    434
   619   1    339    341    340
   620   1    649    650    133
   621   1    339    663    341
   622   1    340    665    638
   623   1    521    722    106
   624   1    665    340    341
   625   1    513    342    235
   626   1    343    157    665
   627   1    342    666    343
   628   1    343    666    667
   629   1    741    563    564
   630   1    344    741    492
   631   1    350    160    352
   632   1    271    345    414
   633   1    347    346    120
   634   1    414    345    346
   635   1    120    528    483
   636   1    221    459    715
   637   1    522    347    483
   638   1    138    570    454
   639   1    670    114    357
   640   1    633    349    255
   641   1    163    350    294
   642   1    120    346    350
   643   1    294    352     31
   644   1    380    484     95
   645   1    272    352    160
   646   1    245    353    248
   647   1    210    353    244
   648   1    670    357    349
   649   1    363    252    362
   650   1    357    354    255
   651   1    114    586    587
   652   1    356    355    587
   653   1    698    358    671
   654   1    354    357    355
   655   1    255    349    357
   656   1    671    358    356
   657   1    675    359    360
   658   1    672    675    360
   659   1    362    252    358
   660   1    752    751    103
   661   1    675    490    494
   662   1    494    364    677
   663   1    362    360    751
   664   1    748    752    319
   665   1    103    676    752
   666   1    293    637    273
   667   1    407    283    408
   668   1    400    399    364
   669   1    365    678    679
   670   1    290    365    746
   671   1    527    366     59
   672   1    366    173    608
   673   1    449    368    681
   674   1    369    229    370
   675   1    685    112    382
   676   1    367    682    369
   677   1    367    681    682
   678   1    682    753    369
   679   1    371    370    229
   680   1    370    227    508
   681   1    376    228    372
   682   1    371    231    396
   683   1    373    372     92
   684   1    376    373    229
   685   1    229    373    371
   686   1    301    684    230
   687   1    371    374    231
   688   1    374     92    375
   689   1    684    375    230
   690   1    377    376    229
   691   1    369    377    229
   692   1    378    379    380
   693   1    378    228    379
   694   1    377    240    379
   695   1    376    379    228
   696   1    240    382    380
   697   1    686    484    382
   698   1    437    124    702
   699   1    381    485    484
   700   1    685    382    240
   701   1    686    382    112
   702   1    299    388    389
   703   1    388    299    384
   704   1    385    384     90
   705   1    385     90    689
   706   1    688    385    236
   707   1    509    422    219
   708   1    509    386    422
   709   1    567    219    566
   710   1    565    218    562
   711   1    385    388    384
   712   1    383    711    389
   713   1    383    389    388
   714   1     69    391    176
   715   1    423    390    389
   716   1    390    299    389
   717   1    691     68     67
   718   1    139    692    393
   719   1    508    227    392
   720   1    693    393    121
   721   1    508    393    100
   722   1     55    394     54
   723   1    161    402    395
   724   1    161    395    394
   725   1    125    395    176
   726   1    113    397    396
   727   1    397    683    396
   728   1    694    113    226
   729   1    683    397    227
   730   1    705    755    418
   731   1    315    631    630
   732   1    399    400    200
   733   1    677    696     88
   734   1    432    284    431
   735   1    402    401     71
   736   1    209    401    161
   737   1     70    402     71
   738   1    402    176    395
   739   1    308    625    405
   740   1    697    403    104
   741   1    409    104    408
   742   1    579    742    145
   743   1    308    405    403
   744   1    406    451    284
   745   1    407    406    284
   746   1    406    407    408
   747   1    400    407    284
   748   1    364    283    407
   749   1    283    410    408
   750   1    408    410    409
   751   1    700    409    282
   752   1    697    409    404
   753   1    411    490    251
   754   1    409    410    282
   755   1    490    410    283
   756   1    698    281    411
   757   1    281    412    411
   758   1    541    413    699
   759   1    573    413    180
   760   1    404    700    145
   761   1    347    414    346
   762   1    414     94    472
   763   1    416    415    702
   764   1    452    351    701
   765   1    416    702    703
   766   1    704    417    421
   767   1    419    491    190
   768   1    564    516    190
   769   1    419    188    418
   770   1     86    417    705
   771   1    417    704    491
   772   1    421     86    420
   773   1    452    421    420
   774   1    704    421    416
   775   1    689    422    386
   776   1    426    423    330
   777   1    424     97    423
   778   1    424    423    426
   779   1    427    426    330
   780   1    332    660    425
   781   1    425     97    424
   782   1    426    329    474
   783   1    389    711    330
   784   1    427    237    645
   785   1    214    588    589
   786   1     63    428    170
   787   1    394    429    161
   788   1     56    429     55
   789   1    716    466    268
   790   1    597    266    595
   791   1    440    199    441
   792   1    440    432    431
   793   1    284    432    400
   794   1    507    435    236
   795   1    433    440     96
   796   1    433    200    432
   797   1    106    663    664
   798   1    510    435    291
   799   1    435    510    521
   800   1     69    436     68
   801   1    668    436    167
   802   1    437    415    701
   803   1    707    159    438
   804   1    707    438    437
   805   1    159     63    439
   806   1     65    708     64
   807   1    159    439    438
   808   1    432    440    433
   809   1    199    440    431
   810   1    443    441    199
   811   1    493    443    444
   812   1    445    443    199
   813   1    442     96    441
   814   1    590    444    105
   815   1    744    444    260
   816   1    493    259    442
   817   1    445    199    446
   818   1    445    198    544
   819   1    706    446    199
   820   1    625    446    309
   821   1    203    204    447
   822   1    448    204    171
   823   1    204    448    447
   824   1    448    171    500
   825   1    609    710    131
   826   1    709    449    159
   827   1    159    450     62
   828   1    710    449    131
   829   1    405    451    406
   830   1    431    451    309
   831   1    351    452    420
   832   1    416    452    415
   833   1    427    330    711
   834   1    337    453    338
   835   1    454    348    522
   836   1    455    220    111
   837   1    220    455    454
   838   1    456    455    111
   839   1    456    111    606
   840   1    456    224    457
   841   1    473    213    468
   842   1    458    712    457
   843   1    714    222    463
   844   1    459    712    223
   845   1    460    459    223
   846   1    348    715     94
   847   1    461    460    223
   848   1     94    460    472
   849   1    714    223    713
   850   1    469    461    225
   851   1    713    223    712
   852   1    714    461    223
   853   1     99    465    464
   854   1    463    222    464
   855   1    466    465     99
   856   1    716    225    465
   857   1    265    430    717
   858   1    268    466    430
   859   1    466     99    467
   860   1    716    470    225
   861   1     89    718    468
   862   1    472    469    271
   863   1    471    470    268
   864   1    470    123    604
   865   1    601    471    268
   866   1    599    471    267
   867   1    472    271    414
   868   1    461    472    460
   869   1    718    473    468
   870   1    719    224    280
   871   1    475    329    278
   872   1    424    474    332
   873   1    329    475    474
   874   1    661    278    334
   875   1    476    478    477
   876   1    473    476    213
   877   1    477    478    101
   878   1    477    213    476
   879   1    479    478    212
   880   1    479    212    480
   881   1    101    479    211
   882   1    481    480    212
   883   1    238    126    480
   884   1    280    481    212
   885   1    238    481    279
   886   1    480    482    479
   887   1    206    482    126
   888   1    177    138    483
   889   1    522    483    138
   890   1    382    484    380
   891   1    129    486    305
   892   1    381    701    485
   893   1    485     95    484
   894   1    292    486    239
   895   1    197    487     78
   896   1    487    168    583
   897   1    489    277    157
   898   1    488    179    530
   899   1    277    489    488
   900   1    343    489    157
   901   1    410    490    411
   902   1    494    490    283
   903   1    491    419    755
   904   1    492    110    148
   905   1    110    492    491
   906   1    344    492    148
   907   1    443    493    441
   908   1    493    444    744
   909   1    364    494    283
   910   1    494    361    675
   911   1    720    495    156
   912   1     64    495     65
   913   1     13    496    177
   914   1     12    183    496
   915   1    184     25    497
   916   1     26    497     25
   917   1    186     59    498
   918   1     58    498     59
   919   1    192      8    500
   920   1    501    126    499
   921   1    500      7    448
   922   1    192    500    499
   923   1    500    501    499
   924   1    501    171    555
   925   1    129    504    502
   926   1    503    506     20
   927   1    193    503     21
   928   1    503    502    504
   929   1    505    504    129
   930   1    504    172    506
   931   1    505    129    622
   932   1    505    210    244
   933   1    504    506    503
   934   1    582    721    172
   935   1    507    385    689
   936   1    435    507    291
   937   1    393    508    392
   938   1    370    508    100
   939   1    567    509    219
   940   1    509    387    690
   941   1    512    510    291
   942   1    510    512    511
   943   1    514    511    109
   944   1    511    514    513
   945   1    690    512    291
   946   1    512    387    565
   947   1    234    132    513
   948   1    513    132    666
   949   1    109    740    757
   950   1    514    757    574
   951   1    515    517    516
   952   1    741    344    668
   953   1    190    516    419
   954   1    518    353    245
   955   1    515    569    517
   956   1    517    188    516
   957   1    141    581    518
   958   1    258    257    519
   959   1    263    264    520
   960   1    264    117    520
   961   1    722    235    342
   962   1    106    434    521
   963   1    454    522    138
   964   1    347    522    348
   965   1    524    148    110
   966   1     66    523    162
   967   1    148    524    523
   968   1    110    704    703
   969   1    294    525    163
   970   1     17    525     30
   971   1     17    526     29
   972   1    366    526     58
   973   1    710    527     60
   974   1    366    527    173
   975   1     15    528    163
   976   1    483    528    177
   977   1    121    529    164
   978   1     27    529    178
   979   1    530     46    578
   980   1    536    530    179
   981   1     76    572    723
   982   1    531    723    724
   983   1    182     44    208
   984   1    725    532    182
   985   1    726    533    174
   986   1    727    533    185
   987   1    275    274    728
   988   1     48    534    728
   989   0     32     33    535
   990   0    165    535     33
   991   1    536    179    667
   992   1    536    575    729
   993   1     81    540    730
   994   1    537    730    735
   995   1    191    731    273
   996   1    538    731    732
   997   1    194     79    487
   998   1    733    539    194
   999   1    196     81    286
  1000   1    196     80    540
  1001   1    413    541    180
  1002   1    542    541    128
  1003   1    128    607    543
  1004   1    197    542    168
  1005   1    128    543    542
  1006   1    543    250    586
  1007   1    258    544    146
  1008   1    445    544    105
  1009   1    201     53    242
  1010   1    201     52    545
  1011   0     38    546    143
  1012   0     53    546    151
  1013   1    156    119    547
  1014   1    734    547    119
  1015   1     82    537    735
  1016   1    549     82    735
  1017   1    548     83    549
  1018   1    195    287    736
  1019   1    286    550    287
  1020   1    551    735    737
  1021   1    552    553    205
  1022   1    206    552    205
  1023   1    738      1    554
  1024   1    552    555    204
  1025   1    181    556    554
  1026   1    501    555    206
  1027   1    554    556    205
  1028   1    558    216    560
  1029   1    739    181    557
  1030   1    557    101    211
  1031   1    668    558    118
  1032   1     69    559    167
  1033   1     71    559     70
  1034   1    144    574    757
  1035   1    558    560    217
  1036   1    562    740    109
  1037   1    563    218    515
  1038   1    740    561    217
  1039   1    562    109    512
  1040   1    218    563    561
  1041   1    564    563    515
  1042   1    516    564    515
  1043   1    190    492    741
  1044   1    512    565    562
  1045   1    567    218    565
  1046   1    567    387    509
  1047   1     98    568    566
  1048   1    567    566    568
  1049   1    569    568     98
  1050   1    567    568    218
  1051   1    517    569     98
  1052   1    218    569    515
  1053   1    614    570    183
  1054   1    454    570    220
  1055   1    392    571    139
  1056   1    617    571    226
  1057   1    723    572    233
  1058   1    572     75    233
  1059   1    413    573    145
  1060   1    723    573    180
  1061   1    215    574    144
  1062   1    575    574    187
  1063   1    574    575    234
  1064   1    575    187    729
  1065   1    295    576    152
  1066   1    499    576    192
  1067   1    297    577    193
  1068   1    292    577    153
  1069   1     75    488    578
  1070   1    241     75    578
  1071   1    182    136    742
  1072   1    233    579    145
  1073   1    582    581    243
  1074   1     18    243    580
  1075   1    518    581    244
  1076   1    582    243    721
  1077   1    505    582    172
  1078   1    487    583    194
  1079   1    543    583    168
  1080   1    585    584    249
  1081   1    269    584    149
  1082   1    585    249    586
  1083   1    585    311    626
  1084   1    543    586    249
  1085   1    587    586    250
  1086   1    356    587    250
  1087   1    114    587    355
  1088   1    734    588    254
  1089   1    119    170    589
  1090   1    214    589    135
  1091   1    119    589    588
  1092   1    591    258    117
  1093   1    444    590    260
  1094   1    258    591    590
  1095   1    592    593    266
  1096   1    266    597    743
  1097   1    259    744    598
  1098   1    591    593    592
  1099   1    264    593    117
  1100   1    264    108    594
  1101   1    595    108    430
  1102   1    108    595    594
  1103   1    596    743    597
  1104   1    430    467    717
  1105   1    430    597    595
  1106   1    596    597    265
  1107   1    592    745    260
  1108   1    471    599    123
  1109   1    267    262    599
  1110   1    267    600    147
  1111   1    108    264    600
  1112   1    471    601    267
  1113   1    430    601    268
  1114   1    602    149    626
  1115   1    730    602    189
  1116   1    604    603    270
  1117   1    599    603    123
  1118   1    345    604    270
  1119   1    470    604    271
  1120   1    135    605    214
  1121   1     49    605    275
  1122   1    481    606    279
  1123   1    456    606    280
  1124   1    543    607    250
  1125   1    412    607    128
  1126   1    693    608    285
  1127   1    608    121    164
  1128   1    710    609    173
  1129   1    367    609    131
  1130   1    286    150    610
  1131   1    648    647    610
  1132   1    195    612    287
  1133   1    323    611    288
  1134   1    613    749    746
  1135   1    137    288    612
  1136   1    335    614    296
  1137   1    570    614    220
  1138   1     12    615    183
  1139   1     10    615     11
  1140   1     23    616    298
  1141   1     25    616     24
  1142   1    571    617    184
  1143   1    336    617    226
  1144   1    396    618    300
  1145   1    684    618    231
  1146   1    620    301    230
  1147   1    619    302    620
  1148   1    232    620    303
  1149   1    306    621    102
  1150   1    305    621    304
  1151   1    505    622    304
  1152   1    129    305    622
  1153   1    208    623    136
  1154   1    624    623    174
  1155   1    533    624    174
  1156   1    625    624    122
  1157   1    446    625    122
  1158   1    405    625    309
  1159   1    585    626    149
  1160   1    311    669    627
  1161   1    311    627    626
  1162   1    627    313    312
  1163   1    627    628    310
  1164   1    630    629    313
  1165   1    349    630    313
  1166   1    398    314    747
  1167   1    634    632    317
  1168   1     85    630    631
  1169   1    398    633    317
  1170   1    349    633    315
  1171   1    632    634    253
  1172   1    635    634    317
  1173   1    634    635    318
  1174   1    633    635    317
  1175   1    748    318    363
  1176   1    253    634    636
  1177   1    649    637    158
  1178   1    340    638    322
  1179   1    277    638    157
  1180   1    639    323    678
  1181   1    641    639    324
  1182   1    654    640    290
  1183   1    325    640    278
  1184   1    640    641    324
  1185   1    642    641    325
  1186   1    643    642    325
  1187   1    652    644    326
  1188   1    645    643    325
  1189   1    643    237    662
  1190   1    644    328    653
  1191   1    115    642    644
  1192   1    278    645    325
  1193   1    645    329    427
  1194   1    115    327    646
  1195   1    648    646    327
  1196   1    158    196    647
  1197   1    610    647    196
  1198   1    646    648    323
  1199   1    647    648    327
  1200   1    649    321    637
  1201   1    650    649    328
  1202   1    328    644    652
  1203   1    133    650    339
  1204   1    652    651    650
  1205   1    662    651    326
  1206   1    651    652    326
  1207   1    328    652    650
  1208   1    644    653    327
  1209   1    649    653    328
  1210   1    640    654    278
  1211   1    749    654    290
  1212   1    658      3    657
  1213   1    333    656    655
  1214   1    654    656    334
  1215   1    656    333    658
  1216   1    334    658    659
  1217   1    658    750      3
  1218   1    657    659    658
  1219   1    660    659    331
  1220   1    425    660    331
  1221   1    661    660    332
  1222   1    660    661    659
  1223   1    475    661    332
  1224   1    643    662    326
  1225   1    237    337    662
  1226   1    651    663    339
  1227   1    664    663    337
  1228   1    338    664    337
  1229   1    106    664    434
  1230   1    343    665    341
  1231   1    638    665    157
  1232   1    513    666    342
  1233   1    667    666    132
  1234   1    536    667    132
  1235   1    489    667    179
  1236   1    558    668    167
  1237   1    741    668    118
  1238   1    349    313    669
  1239   1    627    669    313
  1240   1    669    670    349
  1241   1    670    311    585
  1242   1    356    281    671
  1243   1    671    281    698
  1244   1    675    672    251
  1245   1    362    672    360
  1246   1    360    359    673
  1247   1    677    674    361
  1248   1    675    251    490
  1249   1    359    675    361
  1250   1    362    752    363
  1251   1    364    399    696
  1252   1    674    677     88
  1253   1    678    365    324
  1254   1    323    288    678
  1255   1    288    137    679
  1256   1    289    679    137
  1257   1    367    100    680
  1258   1    693    100    393
  1259   1    449    681    131
  1260   1    682    681    368
  1261   1    685    682    368
  1262   1    377    753    240
  1263   1    370    371    683
  1264   1    396    683    371
  1265   1    618    684    301
  1266   1    374    684    231
  1267   1    685    240    753
  1268   1    112    685    368
  1269   1    686    112    707
  1270   1    484    686    381
  1271   1    688    687    383
  1272   1    434    687    236
  1273   1    687    688    236
  1274   1    388    688    383
  1275   1    422    689     90
  1276   1    507    689    386
  1277   1    509    690    386
  1278   1    512    690    387
  1279   1     68    691    391
  1280   1     66    691     67
  1281   1    139    178    692
  1282   1    121    692    178
  1283   1    608    693    121
  1284   1    680    693    285
  1285   1    227    694    392
  1286   1    113    694    397
  1287   1    398    316    695
  1288   1    696    677    364
  1289   1    409    697    104
  1290   1    697    404    742
  1291   1    411    251    698
  1292   1    698    251    358
  1293   1    541    699    128
  1294   1    282    699    413
  1295   1    700    404    409
  1296   1    413    145    700
  1297   1    485    701    351
  1298   1    437    701    381
  1299   1    437    702    415
  1300   1    703    702    124
  1301   1    124    162    703
  1302   1    524    703    162
  1303   1    703    704    416
  1304   1    491    704    110
  1305   1    417     86    421
  1306   1    446    706    309
  1307   1    199    431    706
  1308   1    686    707    437
  1309   1    707    112    709
  1310   1    756    162    124
  1311   1     64    708    439
  1312   1    707    709    159
  1313   1    368    709    112
  1314   1    710    173    527
  1315   1    449    710    450
  1316   1    711    383    687
  1317   1    427    711    453
  1318   1    457    712    459
  1319   1    458     89    713
  1320   1    458    713    712
  1321   1    462    222    714
  1322   1    714    713    462
  1323   1    461    714    463
  1324   1    221    715    348
  1325   1    460    715    459
  1326   1    466    716    465
  1327   1    470    716    268
  1328   1    430    265    597
  1329   1     89    458    718
  1330   1    224    718    458
  1331   1    476    473    719
  1332   1    224    719    473
  1333   1    691    720    156
  1334   1     65    720     66
  1335   1     19    506    721
  1336   1    721    506    172
  1337   1    235    722    521
  1338   1    342    106    722
  1339   1    573    723    233
  1340   1    723    180    724
  1341   1    531    724     77
  1342   1    541    724    180
  1343   1     46    725    241
  1344   1    532    725     45
  1345   1     43    726    174
  1346   1     41    726     42
  1347   1    185    198    727
  1348   1    122    727    198
  1349   1     48    728    186
  1350   1     49    728    534
  1351   1     72    729    187
  1352   1     74    729     73
  1353   1    602    730    269
  1354   1    730    189    735
  1355   1    731    191    732
  1356   1     78    273    731
  1357   1    538    732     77
  1358   1    191    276    732
  1359   1    539    733     80
  1360   1    584    733    194
  1361   1    588    734    119
  1362   1    201    734    254
  1363   1    735    189    737
  1364   1    548    735    202
  1365   1    549    736    550
  1366   1    551    737     91
  1367   1    189    310    737
  1368   1    205    553    738
  1369   1      1    738    553
  1370   1    211    556    739
  1371   1    181    739    556
  1372   1    561    740    562
  1373   1    217    560    757
  1374   1    563    741    118
  1375   1    190    741    564
  1376   1    145    742    404
  1377   1    182    742    579
  1378   1     84    592    743
  1379   1    266    743    592
  1380   1    744    260    745
  1381   1    493    744    259
  1382   1     84    745    592
  1383   1    744    745    598
  1384   1    679    746    365
  1385   1    613    746    289
  1386   1    631    747    314
  1387   1    633    747    315
  1388   1    748    363    752
  1389   1    636    748    319
  1390   1    749    290    746
  1391   1    749    107    655
  1392   1    658    333    750
  1393   1    360    673    751
  1394   1    103    751    673
  1395   1    752    362    751
  1396   1    752    676    319
  1397   1    369    753    377
  1398   1    685    753    682
  1399   1    754    695      2
  1400   1    754    314    398
  1401   1    491    755    417
  1402   1    439    756    438
  1403   1    162    756    708
  1404   1    217    757    740
  1405   1    144    757    560
    37   2   0.00000000e+00   2.00000000e+03
   473   3   0.00000000e+00   2.00000000e+03
   482   3   0.00000000e+00   2.00000000e+03
   518   1   0.00000000e+00   2.00000000e+03
   577   2   0.00000000e+00   2.00000000e+03
   665   1   0.00000000e+00   2.00000000e+03
   732   3   0.00000000e+00   2.00000000e+03
   733   2   0.00000000e+00   2.00000000e+03
   795   3   0.00000000e+00   2.00000000e+03
   796   1   0.00000000e+00   2.00000000e+03
   813   1   0.00000000e+00   2.00000000e+03
   816   2   0.00000000e+00   2.00000000e+03
   841   2   0.00000000e+00   2.00000000e+03
   853   3   0.00000000e+00   2.00000000e+03
   854   2   0.00000000e+00   2.00000000e+03
   857   3   0.00000000e+00   2.00000000e+03
   859   2   0.00000000e+00   2.00000000e+03
   861   3   0.00000000e+00   2.00000000e+03
   877   3   0.00000000e+00   2.00000000e+03
   878   1   0.00000000e+00   2.00000000e+03
  1023   2   0.00000000e+00   2.00000000e+03
  1025   3   0.00000000e+00   2.00000000e+03
  1029   2   0.00000000e+00   2.00000000e+03
  1030   1   0.00000000e+00   2.00000000e+03
  1097   3   0.00000000e+00   2.00000000e+03
  1104   2   0.00000000e+00   2.00000000e+03
  1106   3   0.00000000e+00   2.00000000e+03
  1171   3   0.00000000e+00   2.00000000e+03
  1176   3   0.00000000e+00   2.00000000e+03
  1246   2   0.00000000e+00   2.00000000e+03
  1251   2   0.00000000e+00   2.00000000e+03
  1252   3   0.00000000e+00   2.00000000e+03
  1287   2   0.00000000e+00   2.00000000e+03
  1321   1   0.00000000e+00   2.00000000e+03
  1389   3   0.00000000e+00   2.00000000e+03
  1394   3   0.00000000e+00   2.00000000e+03
  1396   2   0.00000000e+00   2.00000000e+03
  1399   2   0.00000000e+00   2.00000000e+03
0.333333 0.333333
